AgentID,Interval 1,Interval 2,Interval 3,Interval 4,Interval 5,Interval 6,Interval 7,Interval 8,Interval 9,Interval 10,Interval 11,Interval 12,Interval 13,Interval 14,Interval 15,Interval 16,Interval 17,Interval 18,Interval 19,Interval 20,Interval 21,Interval 22,Interval 23,Interval 24,Interval 25,Interval 26,Interval 27,Interval 28,Interval 29,Interval 30,Interval 31,Interval 32,Interval 33,Interval 34,Interval 35,Interval 36,Interval 37,Interval 38,Interval 39,Interval 40,Interval 41,Interval 42,Interval 43,Interval 44,Interval 45,Interval 46,Interval 47,Interval 48,Interval 49,Interval 50,Interval 51,Interval 52,Interval 53,Interval 54,Interval 55,Interval 56,Interval 57,Interval 58,Interval 59,Interval 60,Interval 61,Interval 62,Interval 63,Interval 64,Interval 65,Interval 66,Interval 67,Interval 68,Interval 69,Interval 70,Interval 71,Interval 72,Interval 73,Interval 74,Interval 75,Interval 76,Interval 77,Interval 78,Interval 79,Interval 80,Interval 81,Interval 82,Interval 83,Interval 84,Interval 85,Interval 86,Interval 87,Interval 88,Interval 89,Interval 90,Interval 91,Interval 92,Interval 93,Interval 94,Interval 95,Interval 96,Interval 97,Interval 98,Interval 99,Interval 100,Interval 101,Interval 102,Interval 103,Interval 104,Interval 105,Interval 106,Interval 107,Interval 108,Interval 109,Interval 110,Interval 111,Interval 112,Interval 113,Interval 114,Interval 115,Interval 116,Interval 117,Interval 118,Interval 119,Interval 120,Interval 121,Interval 122,Interval 123,Interval 124,Interval 125,Interval 126,Interval 127,Interval 128,Interval 129,Interval 130,Interval 131,Interval 132,Interval 133,Interval 134,Interval 135,Interval 136,Interval 137,Interval 138,Interval 139,Interval 140,Interval 141,Interval 142,Interval 143,Interval 144,Interval 145,Interval 146,Interval 147,Interval 148,Interval 149,Interval 150,Interval 151,Interval 152,Interval 153,Interval 154,Interval 155,Interval 156,Interval 157,Interval 158,Interval 159,Interval 160,Interval 161,Interval 162,Interval 163,Interval 164,Interval 165,Interval 166,Interval 167,Interval 168,Interval 169,Interval 170,Interval 171,Interval 172,Interval 173,Interval 174,Interval 175,Interval 176,Interval 177,Interval 178,Interval 179,Interval 180,Interval 181,Interval 182,Interval 183,Interval 184,Interval 185,Interval 186,Interval 187,Interval 188,Interval 189,Interval 190,Interval 191,Interval 192,Interval 193,Interval 194,Interval 195,Interval 196,Interval 197,Interval 198,Interval 199,Interval 200,Interval 201,Interval 202,Interval 203,Interval 204,Interval 205,Interval 206,Interval 207,Interval 208,Interval 209,Interval 210,Interval 211,Interval 212,Interval 213,Interval 214,Interval 215,Interval 216,Interval 217,Interval 218,Interval 219,Interval 220,Interval 221,Interval 222,Interval 223,Interval 224,Interval 225,Interval 226,Interval 227,Interval 228,Interval 229,Interval 230,Interval 231,Interval 232,Interval 233,Interval 234,Interval 235
49,2.25,2.375,2.333333,,,,,,,,,,,,,,,,,,,,,,,,,,,,,,,,,,,,,,,,,,,,,,,,,,,,,,,,,,,,,,,,,,,,,,,,,,,,,,,,,,,,,,,,,,,,,,,,,,,,,,,,,,,,,,,,,,,,,,,,,,,,,,,,,,,,,,,,,,,,,,,,,,,,,,,,,,,,,,,,,,,,,,,,,,,,,,,,,,,,,,,,,,,,,,,,,,,,,,,,,,,,,,,,,,,,,,,,,,,,,,,,,,,,,,,,
321,2.25,2.4375,2.458333,2.40625,,,,,,,,,,,,,,,,,,,,,,,,,,,,,,,,,,,,,,,,,,,,,,,,,,,,,,,,,,,,,,,,,,,,,,,,,,,,,,,,,,,,,,,,,,,,,,,,,,,,,,,,,,,,,,,,,,,,,,,,,,,,,,,,,,,,,,,,,,,,,,,,,,,,,,,,,,,,,,,,,,,,,,,,,,,,,,,,,,,,,,,,,,,,,,,,,,,,,,,,,,,,,,,,,,,,,,,,,,,,,,,,,,,,,,,
42,2.75,2.75,2.666667,2.5,2.4,,,,,,,,,,,,,,,,,,,,,,,,,,,,,,,,,,,,,,,,,,,,,,,,,,,,,,,,,,,,,,,,,,,,,,,,,,,,,,,,,,,,,,,,,,,,,,,,,,,,,,,,,,,,,,,,,,,,,,,,,,,,,,,,,,,,,,,,,,,,,,,,,,,,,,,,,,,,,,,,,,,,,,,,,,,,,,,,,,,,,,,,,,,,,,,,,,,,,,,,,,,,,,,,,,,,,,,,,,,,,,,,,,,,,,
45,2.75,2.5,2.333333,2.25,2.2,,,,,,,,,,,,,,,,,,,,,,,,,,,,,,,,,,,,,,,,,,,,,,,,,,,,,,,,,,,,,,,,,,,,,,,,,,,,,,,,,,,,,,,,,,,,,,,,,,,,,,,,,,,,,,,,,,,,,,,,,,,,,,,,,,,,,,,,,,,,,,,,,,,,,,,,,,,,,,,,,,,,,,,,,,,,,,,,,,,,,,,,,,,,,,,,,,,,,,,,,,,,,,,,,,,,,,,,,,,,,,,,,,,,,,
231,2.25,2.25,2.083333,2.0625,2.05,2.041667,2.071429,,,,,,,,,,,,,,,,,,,,,,,,,,,,,,,,,,,,,,,,,,,,,,,,,,,,,,,,,,,,,,,,,,,,,,,,,,,,,,,,,,,,,,,,,,,,,,,,,,,,,,,,,,,,,,,,,,,,,,,,,,,,,,,,,,,,,,,,,,,,,,,,,,,,,,,,,,,,,,,,,,,,,,,,,,,,,,,,,,,,,,,,,,,,,,,,,,,,,,,,,,,,,,,,,,,,,,,,,,,,,,,,,,,,
165,2,2.0625,2.041667,2.03125,1.975,1.9375,1.946429,,,,,,,,,,,,,,,,,,,,,,,,,,,,,,,,,,,,,,,,,,,,,,,,,,,,,,,,,,,,,,,,,,,,,,,,,,,,,,,,,,,,,,,,,,,,,,,,,,,,,,,,,,,,,,,,,,,,,,,,,,,,,,,,,,,,,,,,,,,,,,,,,,,,,,,,,,,,,,,,,,,,,,,,,,,,,,,,,,,,,,,,,,,,,,,,,,,,,,,,,,,,,,,,,,,,,,,,,,,,,,,,,,,,
300,2.25,2.3125,2.375,2.40625,2.35,2.291667,2.321429,,,,,,,,,,,,,,,,,,,,,,,,,,,,,,,,,,,,,,,,,,,,,,,,,,,,,,,,,,,,,,,,,,,,,,,,,,,,,,,,,,,,,,,,,,,,,,,,,,,,,,,,,,,,,,,,,,,,,,,,,,,,,,,,,,,,,,,,,,,,,,,,,,,,,,,,,,,,,,,,,,,,,,,,,,,,,,,,,,,,,,,,,,,,,,,,,,,,,,,,,,,,,,,,,,,,,,,,,,,,,,,,,,,,
177,2.75,2.6875,2.625,2.65625,2.625,2.5625,2.553571,2.53125,,,,,,,,,,,,,,,,,,,,,,,,,,,,,,,,,,,,,,,,,,,,,,,,,,,,,,,,,,,,,,,,,,,,,,,,,,,,,,,,,,,,,,,,,,,,,,,,,,,,,,,,,,,,,,,,,,,,,,,,,,,,,,,,,,,,,,,,,,,,,,,,,,,,,,,,,,,,,,,,,,,,,,,,,,,,,,,,,,,,,,,,,,,,,,,,,,,,,,,,,,,,,,,,,,,,,,,,,,,,,,,,,,,
325,2,1.875,1.75,1.75,1.75,1.75,1.785714,1.796875,1.791667,,,,,,,,,,,,,,,,,,,,,,,,,,,,,,,,,,,,,,,,,,,,,,,,,,,,,,,,,,,,,,,,,,,,,,,,,,,,,,,,,,,,,,,,,,,,,,,,,,,,,,,,,,,,,,,,,,,,,,,,,,,,,,,,,,,,,,,,,,,,,,,,,,,,,,,,,,,,,,,,,,,,,,,,,,,,,,,,,,,,,,,,,,,,,,,,,,,,,,,,,,,,,,,,,,,,,,,,,,,,,,,,,,
166,2,2.125,2.166667,2.125,2.1,2.083333,2.071429,2.046875,2.041667,,,,,,,,,,,,,,,,,,,,,,,,,,,,,,,,,,,,,,,,,,,,,,,,,,,,,,,,,,,,,,,,,,,,,,,,,,,,,,,,,,,,,,,,,,,,,,,,,,,,,,,,,,,,,,,,,,,,,,,,,,,,,,,,,,,,,,,,,,,,,,,,,,,,,,,,,,,,,,,,,,,,,,,,,,,,,,,,,,,,,,,,,,,,,,,,,,,,,,,,,,,,,,,,,,,,,,,,,,,,,,,,,,
43,3,3,3,2.875,2.8,2.75,2.75,2.703125,2.652778,,,,,,,,,,,,,,,,,,,,,,,,,,,,,,,,,,,,,,,,,,,,,,,,,,,,,,,,,,,,,,,,,,,,,,,,,,,,,,,,,,,,,,,,,,,,,,,,,,,,,,,,,,,,,,,,,,,,,,,,,,,,,,,,,,,,,,,,,,,,,,,,,,,,,,,,,,,,,,,,,,,,,,,,,,,,,,,,,,,,,,,,,,,,,,,,,,,,,,,,,,,,,,,,,,,,,,,,,,,,,,,,,,
50,2.75,2.75,2.75,2.6875,2.675,2.645833,2.696429,2.703125,2.652778,,,,,,,,,,,,,,,,,,,,,,,,,,,,,,,,,,,,,,,,,,,,,,,,,,,,,,,,,,,,,,,,,,,,,,,,,,,,,,,,,,,,,,,,,,,,,,,,,,,,,,,,,,,,,,,,,,,,,,,,,,,,,,,,,,,,,,,,,,,,,,,,,,,,,,,,,,,,,,,,,,,,,,,,,,,,,,,,,,,,,,,,,,,,,,,,,,,,,,,,,,,,,,,,,,,,,,,,,,,,,,,,,,
337,2.25,2.125,2.083333,2.0625,2.05,2.041667,2.071429,2.078125,2.097222,,,,,,,,,,,,,,,,,,,,,,,,,,,,,,,,,,,,,,,,,,,,,,,,,,,,,,,,,,,,,,,,,,,,,,,,,,,,,,,,,,,,,,,,,,,,,,,,,,,,,,,,,,,,,,,,,,,,,,,,,,,,,,,,,,,,,,,,,,,,,,,,,,,,,,,,,,,,,,,,,,,,,,,,,,,,,,,,,,,,,,,,,,,,,,,,,,,,,,,,,,,,,,,,,,,,,,,,,,,,,,,,,,
306,2.25,2.375,2.416667,2.4375,2.45,2.458333,2.464286,2.453125,2.458333,,,,,,,,,,,,,,,,,,,,,,,,,,,,,,,,,,,,,,,,,,,,,,,,,,,,,,,,,,,,,,,,,,,,,,,,,,,,,,,,,,,,,,,,,,,,,,,,,,,,,,,,,,,,,,,,,,,,,,,,,,,,,,,,,,,,,,,,,,,,,,,,,,,,,,,,,,,,,,,,,,,,,,,,,,,,,,,,,,,,,,,,,,,,,,,,,,,,,,,,,,,,,,,,,,,,,,,,,,,,,,,,,,
169,2.75,2.75,2.75,2.625,2.55,2.5,2.535714,2.5,2.444444,,,,,,,,,,,,,,,,,,,,,,,,,,,,,,,,,,,,,,,,,,,,,,,,,,,,,,,,,,,,,,,,,,,,,,,,,,,,,,,,,,,,,,,,,,,,,,,,,,,,,,,,,,,,,,,,,,,,,,,,,,,,,,,,,,,,,,,,,,,,,,,,,,,,,,,,,,,,,,,,,,,,,,,,,,,,,,,,,,,,,,,,,,,,,,,,,,,,,,,,,,,,,,,,,,,,,,,,,,,,,,,,,,
304,2,2,2.083333,2.0625,1.975,1.895833,1.946429,1.984375,1.986111,1.9875,1.988636,,,,,,,,,,,,,,,,,,,,,,,,,,,,,,,,,,,,,,,,,,,,,,,,,,,,,,,,,,,,,,,,,,,,,,,,,,,,,,,,,,,,,,,,,,,,,,,,,,,,,,,,,,,,,,,,,,,,,,,,,,,,,,,,,,,,,,,,,,,,,,,,,,,,,,,,,,,,,,,,,,,,,,,,,,,,,,,,,,,,,,,,,,,,,,,,,,,,,,,,,,,,,,,,,,,,,,,,,,,,,,,,
310,2.25,2.375,2.333333,2.3125,2.3,2.333333,2.392857,2.375,2.333333,2.325,2.340909,,,,,,,,,,,,,,,,,,,,,,,,,,,,,,,,,,,,,,,,,,,,,,,,,,,,,,,,,,,,,,,,,,,,,,,,,,,,,,,,,,,,,,,,,,,,,,,,,,,,,,,,,,,,,,,,,,,,,,,,,,,,,,,,,,,,,,,,,,,,,,,,,,,,,,,,,,,,,,,,,,,,,,,,,,,,,,,,,,,,,,,,,,,,,,,,,,,,,,,,,,,,,,,,,,,,,,,,,,,,,,,,
91,3,2.875,2.75,2.6875,2.65,2.625,2.678571,2.6875,2.666667,2.65,2.636364,2.625,,,,,,,,,,,,,,,,,,,,,,,,,,,,,,,,,,,,,,,,,,,,,,,,,,,,,,,,,,,,,,,,,,,,,,,,,,,,,,,,,,,,,,,,,,,,,,,,,,,,,,,,,,,,,,,,,,,,,,,,,,,,,,,,,,,,,,,,,,,,,,,,,,,,,,,,,,,,,,,,,,,,,,,,,,,,,,,,,,,,,,,,,,,,,,,,,,,,,,,,,,,,,,,,,,,,,,,,,,,,,,,
160,2.25,2.375,2.333333,2.3125,2.3,2.291667,2.321429,2.359375,2.347222,2.3375,2.329545,2.322917,,,,,,,,,,,,,,,,,,,,,,,,,,,,,,,,,,,,,,,,,,,,,,,,,,,,,,,,,,,,,,,,,,,,,,,,,,,,,,,,,,,,,,,,,,,,,,,,,,,,,,,,,,,,,,,,,,,,,,,,,,,,,,,,,,,,,,,,,,,,,,,,,,,,,,,,,,,,,,,,,,,,,,,,,,,,,,,,,,,,,,,,,,,,,,,,,,,,,,,,,,,,,,,,,,,,,,,,,,,,,,,
354,2.25,2.5,2.583333,2.5,2.425,2.354167,2.339286,2.3125,2.277778,2.25,2.227273,2.208333,,,,,,,,,,,,,,,,,,,,,,,,,,,,,,,,,,,,,,,,,,,,,,,,,,,,,,,,,,,,,,,,,,,,,,,,,,,,,,,,,,,,,,,,,,,,,,,,,,,,,,,,,,,,,,,,,,,,,,,,,,,,,,,,,,,,,,,,,,,,,,,,,,,,,,,,,,,,,,,,,,,,,,,,,,,,,,,,,,,,,,,,,,,,,,,,,,,,,,,,,,,,,,,,,,,,,,,,,,,,,,,
311,2.25,2.3125,2.291667,2.34375,2.425,2.479167,2.517857,2.53125,2.5,2.475,2.477273,2.479167,,,,,,,,,,,,,,,,,,,,,,,,,,,,,,,,,,,,,,,,,,,,,,,,,,,,,,,,,,,,,,,,,,,,,,,,,,,,,,,,,,,,,,,,,,,,,,,,,,,,,,,,,,,,,,,,,,,,,,,,,,,,,,,,,,,,,,,,,,,,,,,,,,,,,,,,,,,,,,,,,,,,,,,,,,,,,,,,,,,,,,,,,,,,,,,,,,,,,,,,,,,,,,,,,,,,,,,,,,,,,,,
343,1.75,1.8125,1.708333,1.59375,1.525,1.479167,1.482143,1.46875,1.444444,1.425,1.409091,1.395833,1.403846,,,,,,,,,,,,,,,,,,,,,,,,,,,,,,,,,,,,,,,,,,,,,,,,,,,,,,,,,,,,,,,,,,,,,,,,,,,,,,,,,,,,,,,,,,,,,,,,,,,,,,,,,,,,,,,,,,,,,,,,,,,,,,,,,,,,,,,,,,,,,,,,,,,,,,,,,,,,,,,,,,,,,,,,,,,,,,,,,,,,,,,,,,,,,,,,,,,,,,,,,,,,,,,,,,,,,,,,,,,,,,
113,2.75,2.5,2.25,2.25,2.325,2.354167,2.446429,2.484375,2.486111,2.4875,2.488636,2.489583,2.490385,2.5,,,,,,,,,,,,,,,,,,,,,,,,,,,,,,,,,,,,,,,,,,,,,,,,,,,,,,,,,,,,,,,,,,,,,,,,,,,,,,,,,,,,,,,,,,,,,,,,,,,,,,,,,,,,,,,,,,,,,,,,,,,,,,,,,,,,,,,,,,,,,,,,,,,,,,,,,,,,,,,,,,,,,,,,,,,,,,,,,,,,,,,,,,,,,,,,,,,,,,,,,,,,,,,,,,,,,,,,,,,,,
344,2.25,2.4375,2.458333,2.40625,2.375,2.354167,2.375,2.3125,2.305556,2.3,2.295455,2.291667,2.288461,2.294643,,,,,,,,,,,,,,,,,,,,,,,,,,,,,,,,,,,,,,,,,,,,,,,,,,,,,,,,,,,,,,,,,,,,,,,,,,,,,,,,,,,,,,,,,,,,,,,,,,,,,,,,,,,,,,,,,,,,,,,,,,,,,,,,,,,,,,,,,,,,,,,,,,,,,,,,,,,,,,,,,,,,,,,,,,,,,,,,,,,,,,,,,,,,,,,,,,,,,,,,,,,,,,,,,,,,,,,,,,,,,
10,2,2.125,2,1.9375,1.925,1.895833,1.946429,1.953125,1.930556,1.9375,1.943182,1.947917,1.951923,1.964286,,,,,,,,,,,,,,,,,,,,,,,,,,,,,,,,,,,,,,,,,,,,,,,,,,,,,,,,,,,,,,,,,,,,,,,,,,,,,,,,,,,,,,,,,,,,,,,,,,,,,,,,,,,,,,,,,,,,,,,,,,,,,,,,,,,,,,,,,,,,,,,,,,,,,,,,,,,,,,,,,,,,,,,,,,,,,,,,,,,,,,,,,,,,,,,,,,,,,,,,,,,,,,,,,,,,,,,,,,,,,
142,2.25,2.375,2.25,2.1875,2.2,2.25,2.357143,2.40625,2.416667,2.375,2.340909,2.3125,2.288461,2.294643,,,,,,,,,,,,,,,,,,,,,,,,,,,,,,,,,,,,,,,,,,,,,,,,,,,,,,,,,,,,,,,,,,,,,,,,,,,,,,,,,,,,,,,,,,,,,,,,,,,,,,,,,,,,,,,,,,,,,,,,,,,,,,,,,,,,,,,,,,,,,,,,,,,,,,,,,,,,,,,,,,,,,,,,,,,,,,,,,,,,,,,,,,,,,,,,,,,,,,,,,,,,,,,,,,,,,,,,,,,,,
287,2.25,2.25,2.333333,2.375,2.45,2.5,2.464286,2.390625,2.375,2.3375,2.295455,2.270833,2.25,2.258929,2.275,,,,,,,,,,,,,,,,,,,,,,,,,,,,,,,,,,,,,,,,,,,,,,,,,,,,,,,,,,,,,,,,,,,,,,,,,,,,,,,,,,,,,,,,,,,,,,,,,,,,,,,,,,,,,,,,,,,,,,,,,,,,,,,,,,,,,,,,,,,,,,,,,,,,,,,,,,,,,,,,,,,,,,,,,,,,,,,,,,,,,,,,,,,,,,,,,,,,,,,,,,,,,,,,,,,,,,,,,,,,
89,2.75,2.75,2.75,2.6875,2.625,2.5625,2.589286,2.53125,2.472222,2.45,2.431818,2.416667,2.423077,2.419643,2.425,2.429688,,,,,,,,,,,,,,,,,,,,,,,,,,,,,,,,,,,,,,,,,,,,,,,,,,,,,,,,,,,,,,,,,,,,,,,,,,,,,,,,,,,,,,,,,,,,,,,,,,,,,,,,,,,,,,,,,,,,,,,,,,,,,,,,,,,,,,,,,,,,,,,,,,,,,,,,,,,,,,,,,,,,,,,,,,,,,,,,,,,,,,,,,,,,,,,,,,,,,,,,,,,,,,,,,,,,,,,,,,,
106,2,2.375,2.5,2.5625,2.5,2.375,2.357143,2.375,2.361111,2.325,2.295455,2.270833,2.25,2.258929,2.258333,2.257813,,,,,,,,,,,,,,,,,,,,,,,,,,,,,,,,,,,,,,,,,,,,,,,,,,,,,,,,,,,,,,,,,,,,,,,,,,,,,,,,,,,,,,,,,,,,,,,,,,,,,,,,,,,,,,,,,,,,,,,,,,,,,,,,,,,,,,,,,,,,,,,,,,,,,,,,,,,,,,,,,,,,,,,,,,,,,,,,,,,,,,,,,,,,,,,,,,,,,,,,,,,,,,,,,,,,,,,,,,,
123,2.25,2.375,2.333333,2.3125,2.25,2.166667,2.178571,2.1875,2.222222,2.225,2.215909,2.21875,2.221154,2.214286,2.216667,2.203125,,,,,,,,,,,,,,,,,,,,,,,,,,,,,,,,,,,,,,,,,,,,,,,,,,,,,,,,,,,,,,,,,,,,,,,,,,,,,,,,,,,,,,,,,,,,,,,,,,,,,,,,,,,,,,,,,,,,,,,,,,,,,,,,,,,,,,,,,,,,,,,,,,,,,,,,,,,,,,,,,,,,,,,,,,,,,,,,,,,,,,,,,,,,,,,,,,,,,,,,,,,,,,,,,,,,,,,,,,,
152,2.25,2.3125,2.291667,2.34375,2.3,2.25,2.285714,2.296875,2.291667,2.2625,2.193182,2.15625,2.144231,2.160714,2.2,2.1875,,,,,,,,,,,,,,,,,,,,,,,,,,,,,,,,,,,,,,,,,,,,,,,,,,,,,,,,,,,,,,,,,,,,,,,,,,,,,,,,,,,,,,,,,,,,,,,,,,,,,,,,,,,,,,,,,,,,,,,,,,,,,,,,,,,,,,,,,,,,,,,,,,,,,,,,,,,,,,,,,,,,,,,,,,,,,,,,,,,,,,,,,,,,,,,,,,,,,,,,,,,,,,,,,,,,,,,,,,,
72,2,2,2,2,2,2,2.035714,1.984375,1.958333,1.9625,1.965909,1.947917,1.951923,1.964286,1.983333,1.96875,,,,,,,,,,,,,,,,,,,,,,,,,,,,,,,,,,,,,,,,,,,,,,,,,,,,,,,,,,,,,,,,,,,,,,,,,,,,,,,,,,,,,,,,,,,,,,,,,,,,,,,,,,,,,,,,,,,,,,,,,,,,,,,,,,,,,,,,,,,,,,,,,,,,,,,,,,,,,,,,,,,,,,,,,,,,,,,,,,,,,,,,,,,,,,,,,,,,,,,,,,,,,,,,,,,,,,,,,,,
11,3,3,3,2.9375,2.825,2.6875,2.625,2.5625,2.527778,2.5,2.477273,2.479167,2.461539,2.455357,2.458333,2.445313,,,,,,,,,,,,,,,,,,,,,,,,,,,,,,,,,,,,,,,,,,,,,,,,,,,,,,,,,,,,,,,,,,,,,,,,,,,,,,,,,,,,,,,,,,,,,,,,,,,,,,,,,,,,,,,,,,,,,,,,,,,,,,,,,,,,,,,,,,,,,,,,,,,,,,,,,,,,,,,,,,,,,,,,,,,,,,,,,,,,,,,,,,,,,,,,,,,,,,,,,,,,,,,,,,,,,,,,,,,
16,2.75,2.6875,2.625,2.53125,2.475,2.4375,2.446429,2.421875,2.402778,2.3875,2.375,2.364583,2.355769,2.357143,2.366667,2.359375,2.367647,,,,,,,,,,,,,,,,,,,,,,,,,,,,,,,,,,,,,,,,,,,,,,,,,,,,,,,,,,,,,,,,,,,,,,,,,,,,,,,,,,,,,,,,,,,,,,,,,,,,,,,,,,,,,,,,,,,,,,,,,,,,,,,,,,,,,,,,,,,,,,,,,,,,,,,,,,,,,,,,,,,,,,,,,,,,,,,,,,,,,,,,,,,,,,,,,,,,,,,,,,,,,,,,,,,,,,,,,,
12,3,3,3,3,3,3,3,3,3,3,2.988636,2.96875,2.913461,2.892857,2.883333,2.859375,2.852941,2.861111,,,,,,,,,,,,,,,,,,,,,,,,,,,,,,,,,,,,,,,,,,,,,,,,,,,,,,,,,,,,,,,,,,,,,,,,,,,,,,,,,,,,,,,,,,,,,,,,,,,,,,,,,,,,,,,,,,,,,,,,,,,,,,,,,,,,,,,,,,,,,,,,,,,,,,,,,,,,,,,,,,,,,,,,,,,,,,,,,,,,,,,,,,,,,,,,,,,,,,,,,,,,,,,,,,,,,,,,,
259,1.75,1.625,1.666667,1.6875,1.725,1.8125,1.875,1.921875,1.958333,1.9625,1.931818,1.895833,1.903846,1.892857,1.916667,1.90625,1.911765,1.930556,,,,,,,,,,,,,,,,,,,,,,,,,,,,,,,,,,,,,,,,,,,,,,,,,,,,,,,,,,,,,,,,,,,,,,,,,,,,,,,,,,,,,,,,,,,,,,,,,,,,,,,,,,,,,,,,,,,,,,,,,,,,,,,,,,,,,,,,,,,,,,,,,,,,,,,,,,,,,,,,,,,,,,,,,,,,,,,,,,,,,,,,,,,,,,,,,,,,,,,,,,,,,,,,,,,,,,,,,
355,2,2.125,2.166667,2.125,2.15,2.166667,2.25,2.28125,2.277778,2.275,2.272727,2.270833,2.25,2.241071,2.241667,2.242188,2.257353,2.284722,2.282895,,,,,,,,,,,,,,,,,,,,,,,,,,,,,,,,,,,,,,,,,,,,,,,,,,,,,,,,,,,,,,,,,,,,,,,,,,,,,,,,,,,,,,,,,,,,,,,,,,,,,,,,,,,,,,,,,,,,,,,,,,,,,,,,,,,,,,,,,,,,,,,,,,,,,,,,,,,,,,,,,,,,,,,,,,,,,,,,,,,,,,,,,,,,,,,,,,,,,,,,,,,,,,,,,,,,,,,,
41,2.5,2.5,2.583333,2.625,2.65,2.666667,2.678571,2.6875,2.694444,2.7,2.704545,2.708333,2.711539,2.714286,2.716667,2.6875,2.676471,2.680556,2.657895,,,,,,,,,,,,,,,,,,,,,,,,,,,,,,,,,,,,,,,,,,,,,,,,,,,,,,,,,,,,,,,,,,,,,,,,,,,,,,,,,,,,,,,,,,,,,,,,,,,,,,,,,,,,,,,,,,,,,,,,,,,,,,,,,,,,,,,,,,,,,,,,,,,,,,,,,,,,,,,,,,,,,,,,,,,,,,,,,,,,,,,,,,,,,,,,,,,,,,,,,,,,,,,,,,,,,,,,
99,3,2.875,2.833333,2.6875,2.625,2.604167,2.625,2.609375,2.597222,2.5875,2.579545,2.552083,2.548077,2.553571,2.55,2.53125,2.544118,2.555556,2.539474,,,,,,,,,,,,,,,,,,,,,,,,,,,,,,,,,,,,,,,,,,,,,,,,,,,,,,,,,,,,,,,,,,,,,,,,,,,,,,,,,,,,,,,,,,,,,,,,,,,,,,,,,,,,,,,,,,,,,,,,,,,,,,,,,,,,,,,,,,,,,,,,,,,,,,,,,,,,,,,,,,,,,,,,,,,,,,,,,,,,,,,,,,,,,,,,,,,,,,,,,,,,,,,,,,,,,,,,
255,2.25,2.125,2.083333,2.0625,2.075,2.104167,2.125,2.140625,2.152778,2.1625,2.193182,2.197917,2.144231,2.125,2.116667,2.09375,2.102941,2.125,2.118421,2.1125,,,,,,,,,,,,,,,,,,,,,,,,,,,,,,,,,,,,,,,,,,,,,,,,,,,,,,,,,,,,,,,,,,,,,,,,,,,,,,,,,,,,,,,,,,,,,,,,,,,,,,,,,,,,,,,,,,,,,,,,,,,,,,,,,,,,,,,,,,,,,,,,,,,,,,,,,,,,,,,,,,,,,,,,,,,,,,,,,,,,,,,,,,,,,,,,,,,,,,,,,,,,,,,,,,,,,,,
140,2.75,2.6875,2.625,2.65625,2.675,2.6875,2.696429,2.703125,2.736111,2.6875,2.636364,2.583333,2.538461,2.508929,2.491667,2.460938,2.448529,2.451389,2.427632,2.41875,,,,,,,,,,,,,,,,,,,,,,,,,,,,,,,,,,,,,,,,,,,,,,,,,,,,,,,,,,,,,,,,,,,,,,,,,,,,,,,,,,,,,,,,,,,,,,,,,,,,,,,,,,,,,,,,,,,,,,,,,,,,,,,,,,,,,,,,,,,,,,,,,,,,,,,,,,,,,,,,,,,,,,,,,,,,,,,,,,,,,,,,,,,,,,,,,,,,,,,,,,,,,,,,,,,,,,,
109,2.75,2.75,2.75,2.6875,2.675,2.645833,2.696429,2.703125,2.680556,2.6625,2.647727,2.635417,2.625,2.625,2.633333,2.640625,2.661765,2.652778,2.644737,2.6375,,,,,,,,,,,,,,,,,,,,,,,,,,,,,,,,,,,,,,,,,,,,,,,,,,,,,,,,,,,,,,,,,,,,,,,,,,,,,,,,,,,,,,,,,,,,,,,,,,,,,,,,,,,,,,,,,,,,,,,,,,,,,,,,,,,,,,,,,,,,,,,,,,,,,,,,,,,,,,,,,,,,,,,,,,,,,,,,,,,,,,,,,,,,,,,,,,,,,,,,,,,,,,,,,,,,,,,
219,2.75,2.75,2.75,2.6875,2.65,2.625,2.642857,2.65625,2.666667,2.7,2.704545,2.708333,2.653846,2.642857,2.666667,2.640625,2.602941,2.583333,2.552632,2.525,2.5,,,,,,,,,,,,,,,,,,,,,,,,,,,,,,,,,,,,,,,,,,,,,,,,,,,,,,,,,,,,,,,,,,,,,,,,,,,,,,,,,,,,,,,,,,,,,,,,,,,,,,,,,,,,,,,,,,,,,,,,,,,,,,,,,,,,,,,,,,,,,,,,,,,,,,,,,,,,,,,,,,,,,,,,,,,,,,,,,,,,,,,,,,,,,,,,,,,,,,,,,,,,,,,,,,,,,,
278,2,2.125,2.083333,2,1.95,1.916667,1.928571,1.9375,1.972222,1.975,1.977273,1.979167,1.961538,1.955357,1.958333,1.945313,1.948529,1.979167,1.980263,1.96875,1.958333,,,,,,,,,,,,,,,,,,,,,,,,,,,,,,,,,,,,,,,,,,,,,,,,,,,,,,,,,,,,,,,,,,,,,,,,,,,,,,,,,,,,,,,,,,,,,,,,,,,,,,,,,,,,,,,,,,,,,,,,,,,,,,,,,,,,,,,,,,,,,,,,,,,,,,,,,,,,,,,,,,,,,,,,,,,,,,,,,,,,,,,,,,,,,,,,,,,,,,,,,,,,,,,,,,,,,,
247,2.25,2.25,2.333333,2.3125,2.325,2.354167,2.339286,2.328125,2.347222,2.3375,2.340909,2.333333,2.326923,2.330357,2.341667,2.335938,2.360294,2.395833,2.401316,2.40625,2.410714,,,,,,,,,,,,,,,,,,,,,,,,,,,,,,,,,,,,,,,,,,,,,,,,,,,,,,,,,,,,,,,,,,,,,,,,,,,,,,,,,,,,,,,,,,,,,,,,,,,,,,,,,,,,,,,,,,,,,,,,,,,,,,,,,,,,,,,,,,,,,,,,,,,,,,,,,,,,,,,,,,,,,,,,,,,,,,,,,,,,,,,,,,,,,,,,,,,,,,,,,,,,,,,,,,,,,,
19,3,3,3,2.8125,2.7,2.625,2.607143,2.578125,2.569444,2.5375,2.511364,2.489583,2.471154,2.464286,2.466667,2.453125,2.441176,2.458333,2.447368,2.4375,2.428571,,,,,,,,,,,,,,,,,,,,,,,,,,,,,,,,,,,,,,,,,,,,,,,,,,,,,,,,,,,,,,,,,,,,,,,,,,,,,,,,,,,,,,,,,,,,,,,,,,,,,,,,,,,,,,,,,,,,,,,,,,,,,,,,,,,,,,,,,,,,,,,,,,,,,,,,,,,,,,,,,,,,,,,,,,,,,,,,,,,,,,,,,,,,,,,,,,,,,,,,,,,,,,,,,,,,,,
138,1.75,1.75,1.666667,1.75,1.8,1.833333,1.857143,1.84375,1.833333,1.85,1.840909,1.833333,1.826923,1.839286,1.85,1.859375,1.867647,1.902778,1.907895,1.9125,1.916667,,,,,,,,,,,,,,,,,,,,,,,,,,,,,,,,,,,,,,,,,,,,,,,,,,,,,,,,,,,,,,,,,,,,,,,,,,,,,,,,,,,,,,,,,,,,,,,,,,,,,,,,,,,,,,,,,,,,,,,,,,,,,,,,,,,,,,,,,,,,,,,,,,,,,,,,,,,,,,,,,,,,,,,,,,,,,,,,,,,,,,,,,,,,,,,,,,,,,,,,,,,,,,,,,,,,,,
187,2.25,2.5,2.416667,2.5,2.525,2.520833,2.589286,2.609375,2.569444,2.5375,2.488636,2.447917,2.432692,2.446429,2.466667,2.453125,2.455882,2.486111,2.486842,2.4875,2.476191,,,,,,,,,,,,,,,,,,,,,,,,,,,,,,,,,,,,,,,,,,,,,,,,,,,,,,,,,,,,,,,,,,,,,,,,,,,,,,,,,,,,,,,,,,,,,,,,,,,,,,,,,,,,,,,,,,,,,,,,,,,,,,,,,,,,,,,,,,,,,,,,,,,,,,,,,,,,,,,,,,,,,,,,,,,,,,,,,,,,,,,,,,,,,,,,,,,,,,,,,,,,,,,,,,,,,,
263,2.75,2.625,2.583333,2.5625,2.55,2.541667,2.535714,2.53125,2.5,2.475,2.431818,2.395833,2.365385,2.330357,2.308333,2.304688,2.316176,2.340278,2.335526,2.31875,2.303571,,,,,,,,,,,,,,,,,,,,,,,,,,,,,,,,,,,,,,,,,,,,,,,,,,,,,,,,,,,,,,,,,,,,,,,,,,,,,,,,,,,,,,,,,,,,,,,,,,,,,,,,,,,,,,,,,,,,,,,,,,,,,,,,,,,,,,,,,,,,,,,,,,,,,,,,,,,,,,,,,,,,,,,,,,,,,,,,,,,,,,,,,,,,,,,,,,,,,,,,,,,,,,,,,,,,,,
53,2.25,2.125,2.083333,2.1875,2.25,2.291667,2.321429,2.34375,2.361111,2.375,2.386364,2.395833,2.403846,2.410714,2.4,2.34375,2.338235,2.361111,2.342105,2.325,2.309524,2.329545,,,,,,,,,,,,,,,,,,,,,,,,,,,,,,,,,,,,,,,,,,,,,,,,,,,,,,,,,,,,,,,,,,,,,,,,,,,,,,,,,,,,,,,,,,,,,,,,,,,,,,,,,,,,,,,,,,,,,,,,,,,,,,,,,,,,,,,,,,,,,,,,,,,,,,,,,,,,,,,,,,,,,,,,,,,,,,,,,,,,,,,,,,,,,,,,,,,,,,,,,,,,,,,,,,,,,
15,2.25,2.125,2,2,1.9,1.791667,1.785714,1.75,1.722222,1.775,1.75,1.708333,1.711538,1.741071,1.758333,1.773438,1.786765,1.8125,1.796053,1.79375,1.791667,1.8125,,,,,,,,,,,,,,,,,,,,,,,,,,,,,,,,,,,,,,,,,,,,,,,,,,,,,,,,,,,,,,,,,,,,,,,,,,,,,,,,,,,,,,,,,,,,,,,,,,,,,,,,,,,,,,,,,,,,,,,,,,,,,,,,,,,,,,,,,,,,,,,,,,,,,,,,,,,,,,,,,,,,,,,,,,,,,,,,,,,,,,,,,,,,,,,,,,,,,,,,,,,,,,,,,,,,,
96,2.25,2.125,2.166667,2.0625,2.025,2.020833,2.017857,2.03125,2.027778,2.025,2.034091,2.03125,2.028846,2.035714,2.05,2.03125,2.044118,2.069444,2.052632,2.0375,2.023809,2.022727,,,,,,,,,,,,,,,,,,,,,,,,,,,,,,,,,,,,,,,,,,,,,,,,,,,,,,,,,,,,,,,,,,,,,,,,,,,,,,,,,,,,,,,,,,,,,,,,,,,,,,,,,,,,,,,,,,,,,,,,,,,,,,,,,,,,,,,,,,,,,,,,,,,,,,,,,,,,,,,,,,,,,,,,,,,,,,,,,,,,,,,,,,,,,,,,,,,,,,,,,,,,,,,,,,,,,
188,2.25,2.375,2.416667,2.4375,2.4,2.333333,2.357143,2.359375,2.319444,2.2875,2.261364,2.239583,2.240385,2.232143,2.25,2.234375,2.25,2.263889,2.25,2.225,2.214286,2.215909,,,,,,,,,,,,,,,,,,,,,,,,,,,,,,,,,,,,,,,,,,,,,,,,,,,,,,,,,,,,,,,,,,,,,,,,,,,,,,,,,,,,,,,,,,,,,,,,,,,,,,,,,,,,,,,,,,,,,,,,,,,,,,,,,,,,,,,,,,,,,,,,,,,,,,,,,,,,,,,,,,,,,,,,,,,,,,,,,,,,,,,,,,,,,,,,,,,,,,,,,,,,,,,,,,,,,
86,2.75,2.75,2.75,2.625,2.55,2.5,2.5,2.484375,2.458333,2.4375,2.420455,2.364583,2.336539,2.339286,2.35,2.34375,2.338235,2.347222,2.328947,2.3125,2.297619,2.295455,2.298913,,,,,,,,,,,,,,,,,,,,,,,,,,,,,,,,,,,,,,,,,,,,,,,,,,,,,,,,,,,,,,,,,,,,,,,,,,,,,,,,,,,,,,,,,,,,,,,,,,,,,,,,,,,,,,,,,,,,,,,,,,,,,,,,,,,,,,,,,,,,,,,,,,,,,,,,,,,,,,,,,,,,,,,,,,,,,,,,,,,,,,,,,,,,,,,,,,,,,,,,,,,,,,,,,,,,
75,3,3,3,2.875,2.75,2.666667,2.678571,2.6875,2.666667,2.65,2.636364,2.625,2.615385,2.616071,2.608333,2.554688,2.551471,2.576389,2.572368,2.56875,2.553571,2.5625,2.559783,2.536458,,,,,,,,,,,,,,,,,,,,,,,,,,,,,,,,,,,,,,,,,,,,,,,,,,,,,,,,,,,,,,,,,,,,,,,,,,,,,,,,,,,,,,,,,,,,,,,,,,,,,,,,,,,,,,,,,,,,,,,,,,,,,,,,,,,,,,,,,,,,,,,,,,,,,,,,,,,,,,,,,,,,,,,,,,,,,,,,,,,,,,,,,,,,,,,,,,,,,,,,,,,,,,,,,,,
26,2.5,2.5,2.5,2.4375,2.4,2.375,2.357143,2.34375,2.333333,2.325,2.318182,2.3125,2.307692,2.294643,2.291667,2.257813,2.257353,2.256944,2.230263,2.19375,2.172619,2.153409,2.130435,2.104167,,,,,,,,,,,,,,,,,,,,,,,,,,,,,,,,,,,,,,,,,,,,,,,,,,,,,,,,,,,,,,,,,,,,,,,,,,,,,,,,,,,,,,,,,,,,,,,,,,,,,,,,,,,,,,,,,,,,,,,,,,,,,,,,,,,,,,,,,,,,,,,,,,,,,,,,,,,,,,,,,,,,,,,,,,,,,,,,,,,,,,,,,,,,,,,,,,,,,,,,,,,,,,,,,,,
115,2.75,2.75,2.666667,2.5625,2.4,2.333333,2.285714,2.28125,2.277778,2.275,2.284091,2.28125,2.259615,2.25,2.25,2.234375,2.220588,2.236111,2.223684,2.2,2.202381,2.215909,2.211957,2.203125,2.205,,,,,,,,,,,,,,,,,,,,,,,,,,,,,,,,,,,,,,,,,,,,,,,,,,,,,,,,,,,,,,,,,,,,,,,,,,,,,,,,,,,,,,,,,,,,,,,,,,,,,,,,,,,,,,,,,,,,,,,,,,,,,,,,,,,,,,,,,,,,,,,,,,,,,,,,,,,,,,,,,,,,,,,,,,,,,,,,,,,,,,,,,,,,,,,,,,,,,,,,,,,,,,,,,,
223,2.75,2.75,2.75,2.6875,2.65,2.625,2.642857,2.65625,2.666667,2.675,2.681818,2.6875,2.692308,2.696429,2.7,2.6875,2.683824,2.673611,2.638158,2.60625,2.577381,2.5625,2.543478,2.520833,2.5,,,,,,,,,,,,,,,,,,,,,,,,,,,,,,,,,,,,,,,,,,,,,,,,,,,,,,,,,,,,,,,,,,,,,,,,,,,,,,,,,,,,,,,,,,,,,,,,,,,,,,,,,,,,,,,,,,,,,,,,,,,,,,,,,,,,,,,,,,,,,,,,,,,,,,,,,,,,,,,,,,,,,,,,,,,,,,,,,,,,,,,,,,,,,,,,,,,,,,,,,,,,,,,,,,
241,2.75,2.75,2.833333,2.875,2.85,2.833333,2.821429,2.78125,2.75,2.725,2.681818,2.645833,2.596154,2.580357,2.591667,2.585938,2.595588,2.604167,2.598684,2.59375,2.589286,2.596591,2.592391,2.578125,2.565,,,,,,,,,,,,,,,,,,,,,,,,,,,,,,,,,,,,,,,,,,,,,,,,,,,,,,,,,,,,,,,,,,,,,,,,,,,,,,,,,,,,,,,,,,,,,,,,,,,,,,,,,,,,,,,,,,,,,,,,,,,,,,,,,,,,,,,,,,,,,,,,,,,,,,,,,,,,,,,,,,,,,,,,,,,,,,,,,,,,,,,,,,,,,,,,,,,,,,,,,,,,,,,,,,
184,2.25,2.25,2.083333,2,1.95,1.958333,2,2,1.972222,1.95,1.931818,1.916667,1.923077,1.9375,1.958333,1.960938,1.963235,1.979167,1.993421,1.99375,1.994048,2.005682,2.021739,2.03125,2.04,2.052885,,,,,,,,,,,,,,,,,,,,,,,,,,,,,,,,,,,,,,,,,,,,,,,,,,,,,,,,,,,,,,,,,,,,,,,,,,,,,,,,,,,,,,,,,,,,,,,,,,,,,,,,,,,,,,,,,,,,,,,,,,,,,,,,,,,,,,,,,,,,,,,,,,,,,,,,,,,,,,,,,,,,,,,,,,,,,,,,,,,,,,,,,,,,,,,,,,,,,,,,,,,,,,,,,
141,2.25,2.25,2.25,2.25,2.25,2.25,2.285714,2.28125,2.305556,2.35,2.352273,2.34375,2.317308,2.330357,2.358333,2.351563,2.360294,2.395833,2.388158,2.39375,2.398809,2.426136,2.440217,2.442708,2.445,2.442308,,,,,,,,,,,,,,,,,,,,,,,,,,,,,,,,,,,,,,,,,,,,,,,,,,,,,,,,,,,,,,,,,,,,,,,,,,,,,,,,,,,,,,,,,,,,,,,,,,,,,,,,,,,,,,,,,,,,,,,,,,,,,,,,,,,,,,,,,,,,,,,,,,,,,,,,,,,,,,,,,,,,,,,,,,,,,,,,,,,,,,,,,,,,,,,,,,,,,,,,,,,,,,,,,
250,2.25,2.25,2.25,2.25,2.2,2.208333,2.25,2.28125,2.277778,2.35,2.363636,2.333333,2.307692,2.294643,2.308333,2.304688,2.316176,2.340278,2.335526,2.33125,2.327381,2.335227,2.336957,2.333333,2.33,2.326923,,,,,,,,,,,,,,,,,,,,,,,,,,,,,,,,,,,,,,,,,,,,,,,,,,,,,,,,,,,,,,,,,,,,,,,,,,,,,,,,,,,,,,,,,,,,,,,,,,,,,,,,,,,,,,,,,,,,,,,,,,,,,,,,,,,,,,,,,,,,,,,,,,,,,,,,,,,,,,,,,,,,,,,,,,,,,,,,,,,,,,,,,,,,,,,,,,,,,,,,,,,,,,,,,
37,2.75,2.75,2.75,2.625,2.55,2.5,2.5,2.484375,2.430556,2.3875,2.352273,2.322917,2.317308,2.303571,2.316667,2.3125,2.323529,2.333333,2.342105,2.35,2.345238,2.363636,2.391304,2.40625,2.41,2.418269,,,,,,,,,,,,,,,,,,,,,,,,,,,,,,,,,,,,,,,,,,,,,,,,,,,,,,,,,,,,,,,,,,,,,,,,,,,,,,,,,,,,,,,,,,,,,,,,,,,,,,,,,,,,,,,,,,,,,,,,,,,,,,,,,,,,,,,,,,,,,,,,,,,,,,,,,,,,,,,,,,,,,,,,,,,,,,,,,,,,,,,,,,,,,,,,,,,,,,,,,,,,,,,,,
194,2.75,2.6875,2.625,2.59375,2.55,2.5,2.5,2.484375,2.430556,2.3625,2.352273,2.34375,2.336539,2.339286,2.35,2.328125,2.308824,2.319444,2.302632,2.3,2.297619,2.306818,2.309783,2.307292,2.305,2.302885,,,,,,,,,,,,,,,,,,,,,,,,,,,,,,,,,,,,,,,,,,,,,,,,,,,,,,,,,,,,,,,,,,,,,,,,,,,,,,,,,,,,,,,,,,,,,,,,,,,,,,,,,,,,,,,,,,,,,,,,,,,,,,,,,,,,,,,,,,,,,,,,,,,,,,,,,,,,,,,,,,,,,,,,,,,,,,,,,,,,,,,,,,,,,,,,,,,,,,,,,,,,,,,,,
285,2.25,2.25,2.25,2.25,2.2,2.166667,2.178571,2.203125,2.208333,2.1875,2.181818,2.1875,2.153846,2.151786,2.158333,2.148438,2.154412,2.173611,2.190789,2.20625,2.220238,2.232955,2.233696,2.223958,2.215,2.216346,,,,,,,,,,,,,,,,,,,,,,,,,,,,,,,,,,,,,,,,,,,,,,,,,,,,,,,,,,,,,,,,,,,,,,,,,,,,,,,,,,,,,,,,,,,,,,,,,,,,,,,,,,,,,,,,,,,,,,,,,,,,,,,,,,,,,,,,,,,,,,,,,,,,,,,,,,,,,,,,,,,,,,,,,,,,,,,,,,,,,,,,,,,,,,,,,,,,,,,,,,,,,,,,,
76,2.25,2.25,2.25,2.125,2.125,2.104167,2.089286,2.109375,2.097222,2.1125,2.090909,2.0625,2.038461,2.026786,2.025,2.007813,1.992647,1.993056,1.993421,1.99375,1.994048,2.005682,2,2.010417,2.02,2.028846,,,,,,,,,,,,,,,,,,,,,,,,,,,,,,,,,,,,,,,,,,,,,,,,,,,,,,,,,,,,,,,,,,,,,,,,,,,,,,,,,,,,,,,,,,,,,,,,,,,,,,,,,,,,,,,,,,,,,,,,,,,,,,,,,,,,,,,,,,,,,,,,,,,,,,,,,,,,,,,,,,,,,,,,,,,,,,,,,,,,,,,,,,,,,,,,,,,,,,,,,,,,,,,,,
322,2.25,2.375,2.416667,2.4375,2.45,2.458333,2.428571,2.421875,2.375,2.3375,2.329545,2.322917,2.336539,2.357143,2.383333,2.390625,2.411765,2.444444,2.447368,2.4625,2.488095,2.511364,2.527174,2.536458,2.535,2.538461,2.546296,,,,,,,,,,,,,,,,,,,,,,,,,,,,,,,,,,,,,,,,,,,,,,,,,,,,,,,,,,,,,,,,,,,,,,,,,,,,,,,,,,,,,,,,,,,,,,,,,,,,,,,,,,,,,,,,,,,,,,,,,,,,,,,,,,,,,,,,,,,,,,,,,,,,,,,,,,,,,,,,,,,,,,,,,,,,,,,,,,,,,,,,,,,,,,,,,,,,,,,,,,,,,,,,
74,3,2.875,2.833333,2.6875,2.65,2.625,2.642857,2.640625,2.625,2.6125,2.602273,2.59375,2.567308,2.571429,2.583333,2.578125,2.588235,2.611111,2.605263,2.60625,2.601191,2.607955,2.597826,2.59375,2.59,2.586539,2.583333,2.580357,,,,,,,,,,,,,,,,,,,,,,,,,,,,,,,,,,,,,,,,,,,,,,,,,,,,,,,,,,,,,,,,,,,,,,,,,,,,,,,,,,,,,,,,,,,,,,,,,,,,,,,,,,,,,,,,,,,,,,,,,,,,,,,,,,,,,,,,,,,,,,,,,,,,,,,,,,,,,,,,,,,,,,,,,,,,,,,,,,,,,,,,,,,,,,,,,,,,,,,,,,,,,,,
157,2.75,2.75,2.75,2.75,2.725,2.729167,2.732143,2.734375,2.736111,2.7375,2.738636,2.739583,2.701923,2.678571,2.683333,2.671875,2.661765,2.652778,2.605263,2.575,2.559524,2.556818,2.548913,2.536458,2.525,2.504808,2.486111,2.477679,,,,,,,,,,,,,,,,,,,,,,,,,,,,,,,,,,,,,,,,,,,,,,,,,,,,,,,,,,,,,,,,,,,,,,,,,,,,,,,,,,,,,,,,,,,,,,,,,,,,,,,,,,,,,,,,,,,,,,,,,,,,,,,,,,,,,,,,,,,,,,,,,,,,,,,,,,,,,,,,,,,,,,,,,,,,,,,,,,,,,,,,,,,,,,,,,,,,,,,,,,,,,,,
237,2.75,2.625,2.5,2.4375,2.4,2.375,2.428571,2.46875,2.527778,2.55,2.556818,2.552083,2.528846,2.517857,2.516667,2.5,2.5,2.513889,2.486842,2.475,2.464286,2.465909,2.461957,2.453125,2.435,2.408654,2.384259,2.379464,,,,,,,,,,,,,,,,,,,,,,,,,,,,,,,,,,,,,,,,,,,,,,,,,,,,,,,,,,,,,,,,,,,,,,,,,,,,,,,,,,,,,,,,,,,,,,,,,,,,,,,,,,,,,,,,,,,,,,,,,,,,,,,,,,,,,,,,,,,,,,,,,,,,,,,,,,,,,,,,,,,,,,,,,,,,,,,,,,,,,,,,,,,,,,,,,,,,,,,,,,,,,,,
195,2.75,2.75,2.75,2.6875,2.625,2.5625,2.553571,2.5,2.444444,2.4,2.363636,2.333333,2.326923,2.321429,2.316667,2.296875,2.294118,2.319444,2.315789,2.3,2.297619,2.306818,2.309783,2.286458,2.285,2.298077,2.314815,2.3125,,,,,,,,,,,,,,,,,,,,,,,,,,,,,,,,,,,,,,,,,,,,,,,,,,,,,,,,,,,,,,,,,,,,,,,,,,,,,,,,,,,,,,,,,,,,,,,,,,,,,,,,,,,,,,,,,,,,,,,,,,,,,,,,,,,,,,,,,,,,,,,,,,,,,,,,,,,,,,,,,,,,,,,,,,,,,,,,,,,,,,,,,,,,,,,,,,,,,,,,,,,,,,,
132,2.75,2.75,2.833333,2.75,2.7,2.75,2.75,2.78125,2.777778,2.775,2.772727,2.770833,2.75,2.75,2.75,2.75,2.764706,2.763889,2.723684,2.7,2.666667,2.659091,2.641304,2.625,2.61,2.605769,2.592592,2.580357,2.568965,,,,,,,,,,,,,,,,,,,,,,,,,,,,,,,,,,,,,,,,,,,,,,,,,,,,,,,,,,,,,,,,,,,,,,,,,,,,,,,,,,,,,,,,,,,,,,,,,,,,,,,,,,,,,,,,,,,,,,,,,,,,,,,,,,,,,,,,,,,,,,,,,,,,,,,,,,,,,,,,,,,,,,,,,,,,,,,,,,,,,,,,,,,,,,,,,,,,,,,,,,,,,,
193,2.25,2.25,2.25,2.25,2.175,2.145833,2.196429,2.171875,2.152778,2.1125,2.079545,2.072917,2.067308,2.071429,2.083333,2.09375,2.117647,2.152778,2.184211,2.2125,2.226191,2.227273,2.222826,2.213542,2.205,2.1875,2.171296,2.15625,2.150862,,,,,,,,,,,,,,,,,,,,,,,,,,,,,,,,,,,,,,,,,,,,,,,,,,,,,,,,,,,,,,,,,,,,,,,,,,,,,,,,,,,,,,,,,,,,,,,,,,,,,,,,,,,,,,,,,,,,,,,,,,,,,,,,,,,,,,,,,,,,,,,,,,,,,,,,,,,,,,,,,,,,,,,,,,,,,,,,,,,,,,,,,,,,,,,,,,,,,,,,,,,,,,
284,2.75,2.625,2.666667,2.6875,2.65,2.625,2.607143,2.59375,2.583333,2.55,2.522727,2.5,2.442308,2.410714,2.4,2.40625,2.382353,2.375,2.342105,2.3125,2.285714,2.284091,2.288043,2.265625,2.255,2.254808,2.24537,2.236607,2.228448,,,,,,,,,,,,,,,,,,,,,,,,,,,,,,,,,,,,,,,,,,,,,,,,,,,,,,,,,,,,,,,,,,,,,,,,,,,,,,,,,,,,,,,,,,,,,,,,,,,,,,,,,,,,,,,,,,,,,,,,,,,,,,,,,,,,,,,,,,,,,,,,,,,,,,,,,,,,,,,,,,,,,,,,,,,,,,,,,,,,,,,,,,,,,,,,,,,,,,,,,,,,,,
103,2.5,2.6875,2.708333,2.78125,2.775,2.770833,2.767857,2.765625,2.763889,2.7375,2.727273,2.729167,2.75,2.767857,2.766667,2.765625,2.779412,2.791667,2.802632,2.8125,2.821429,2.829545,2.826087,2.8125,2.8,2.788461,2.777778,2.767857,2.758621,2.75,2.741935,,,,,,,,,,,,,,,,,,,,,,,,,,,,,,,,,,,,,,,,,,,,,,,,,,,,,,,,,,,,,,,,,,,,,,,,,,,,,,,,,,,,,,,,,,,,,,,,,,,,,,,,,,,,,,,,,,,,,,,,,,,,,,,,,,,,,,,,,,,,,,,,,,,,,,,,,,,,,,,,,,,,,,,,,,,,,,,,,,,,,,,,,,,,,,,,,,,,,,,,,,,,
104,2.5,2.625,2.583333,2.5625,2.55,2.541667,2.535714,2.53125,2.555556,2.575,2.568182,2.5625,2.538461,2.535714,2.516667,2.5,2.5,2.486111,2.486842,2.475,2.464286,2.465909,2.456522,2.427083,2.4,2.384615,2.37037,2.357143,2.344828,2.333333,2.322581,,,,,,,,,,,,,,,,,,,,,,,,,,,,,,,,,,,,,,,,,,,,,,,,,,,,,,,,,,,,,,,,,,,,,,,,,,,,,,,,,,,,,,,,,,,,,,,,,,,,,,,,,,,,,,,,,,,,,,,,,,,,,,,,,,,,,,,,,,,,,,,,,,,,,,,,,,,,,,,,,,,,,,,,,,,,,,,,,,,,,,,,,,,,,,,,,,,,,,,,,,,,
48,2.25,2.125,2.083333,2.1875,2.25,2.291667,2.321429,2.34375,2.361111,2.375,2.386364,2.395833,2.403846,2.410714,2.416667,2.390625,2.382353,2.402778,2.381579,2.3625,2.345238,2.340909,2.331522,2.317708,2.305,2.298077,2.296296,2.276786,2.258621,2.25,2.241935,2.234375,,,,,,,,,,,,,,,,,,,,,,,,,,,,,,,,,,,,,,,,,,,,,,,,,,,,,,,,,,,,,,,,,,,,,,,,,,,,,,,,,,,,,,,,,,,,,,,,,,,,,,,,,,,,,,,,,,,,,,,,,,,,,,,,,,,,,,,,,,,,,,,,,,,,,,,,,,,,,,,,,,,,,,,,,,,,,,,,,,,,,,,,,,,,,,,,,,,,,,,,,,,
323,2.25,2.25,2.333333,2.3125,2.35,2.333333,2.428571,2.40625,2.388889,2.35,2.318182,2.291667,2.307692,2.330357,2.358333,2.367188,2.389706,2.423611,2.427632,2.43125,2.434524,2.460227,2.472826,2.473958,2.475,2.480769,2.490741,2.491071,2.491379,2.491667,2.491935,2.492188,,,,,,,,,,,,,,,,,,,,,,,,,,,,,,,,,,,,,,,,,,,,,,,,,,,,,,,,,,,,,,,,,,,,,,,,,,,,,,,,,,,,,,,,,,,,,,,,,,,,,,,,,,,,,,,,,,,,,,,,,,,,,,,,,,,,,,,,,,,,,,,,,,,,,,,,,,,,,,,,,,,,,,,,,,,,,,,,,,,,,,,,,,,,,,,,,,,,,,,,,,,
38,2.75,2.6875,2.625,2.53125,2.475,2.4375,2.446429,2.4375,2.416667,2.4,2.386364,2.375,2.346154,2.348214,2.358333,2.382813,2.404412,2.381944,2.388158,2.3625,2.357143,2.363636,2.353261,2.359375,2.335,2.322115,2.319444,2.316964,2.314655,2.3125,2.294355,2.277344,,,,,,,,,,,,,,,,,,,,,,,,,,,,,,,,,,,,,,,,,,,,,,,,,,,,,,,,,,,,,,,,,,,,,,,,,,,,,,,,,,,,,,,,,,,,,,,,,,,,,,,,,,,,,,,,,,,,,,,,,,,,,,,,,,,,,,,,,,,,,,,,,,,,,,,,,,,,,,,,,,,,,,,,,,,,,,,,,,,,,,,,,,,,,,,,,,,,,,,,,,,
18,2.75,2.625,2.5,2.4375,2.4,2.375,2.392857,2.390625,2.375,2.3625,2.375,2.40625,2.375,2.375,2.383333,2.375,2.382353,2.402778,2.394737,2.3875,2.380952,2.386364,2.38587,2.369792,2.365,2.360577,2.356482,2.352679,2.349138,2.345833,2.342742,2.339844,,,,,,,,,,,,,,,,,,,,,,,,,,,,,,,,,,,,,,,,,,,,,,,,,,,,,,,,,,,,,,,,,,,,,,,,,,,,,,,,,,,,,,,,,,,,,,,,,,,,,,,,,,,,,,,,,,,,,,,,,,,,,,,,,,,,,,,,,,,,,,,,,,,,,,,,,,,,,,,,,,,,,,,,,,,,,,,,,,,,,,,,,,,,,,,,,,,,,,,,,,,
85,2.25,2.125,2.166667,2.25,2.3,2.333333,2.321429,2.3125,2.305556,2.275,2.25,2.229167,2.211539,2.196429,2.183333,2.1875,2.176471,2.166667,2.157895,2.15,2.130952,2.136364,2.141304,2.135417,2.13,2.125,2.12037,2.116071,2.112069,2.108333,2.104839,2.101563,,,,,,,,,,,,,,,,,,,,,,,,,,,,,,,,,,,,,,,,,,,,,,,,,,,,,,,,,,,,,,,,,,,,,,,,,,,,,,,,,,,,,,,,,,,,,,,,,,,,,,,,,,,,,,,,,,,,,,,,,,,,,,,,,,,,,,,,,,,,,,,,,,,,,,,,,,,,,,,,,,,,,,,,,,,,,,,,,,,,,,,,,,,,,,,,,,,,,,,,,,,
207,2.25,2.5,2.583333,2.625,2.65,2.666667,2.678571,2.625,2.555556,2.525,2.488636,2.447917,2.413461,2.392857,2.383333,2.359375,2.352941,2.361111,2.328947,2.3125,2.285714,2.272727,2.266304,2.265625,2.255,2.225961,2.208333,2.183036,2.168103,2.1625,2.157258,2.152344,,,,,,,,,,,,,,,,,,,,,,,,,,,,,,,,,,,,,,,,,,,,,,,,,,,,,,,,,,,,,,,,,,,,,,,,,,,,,,,,,,,,,,,,,,,,,,,,,,,,,,,,,,,,,,,,,,,,,,,,,,,,,,,,,,,,,,,,,,,,,,,,,,,,,,,,,,,,,,,,,,,,,,,,,,,,,,,,,,,,,,,,,,,,,,,,,,,,,,,,,,,
200,2.25,2.375,2.333333,2.3125,2.2,2.125,2.142857,2.15625,2.166667,2.175,2.159091,2.145833,2.134615,2.133929,2.141667,2.132813,2.132353,2.138889,2.144737,2.15,2.154762,2.159091,2.163043,2.15625,2.15,2.153846,2.157408,2.160714,2.163793,2.166667,2.169355,2.171875,,,,,,,,,,,,,,,,,,,,,,,,,,,,,,,,,,,,,,,,,,,,,,,,,,,,,,,,,,,,,,,,,,,,,,,,,,,,,,,,,,,,,,,,,,,,,,,,,,,,,,,,,,,,,,,,,,,,,,,,,,,,,,,,,,,,,,,,,,,,,,,,,,,,,,,,,,,,,,,,,,,,,,,,,,,,,,,,,,,,,,,,,,,,,,,,,,,,,,,,,,,
172,2.75,2.75,2.75,2.75,2.75,2.75,2.75,2.75,2.75,2.75,2.75,2.75,2.75,2.75,2.75,2.75,2.75,2.75,2.75,2.75,2.75,2.75,2.75,2.75,2.75,2.75,2.75,2.741071,2.732759,2.716667,2.709677,2.703125,,,,,,,,,,,,,,,,,,,,,,,,,,,,,,,,,,,,,,,,,,,,,,,,,,,,,,,,,,,,,,,,,,,,,,,,,,,,,,,,,,,,,,,,,,,,,,,,,,,,,,,,,,,,,,,,,,,,,,,,,,,,,,,,,,,,,,,,,,,,,,,,,,,,,,,,,,,,,,,,,,,,,,,,,,,,,,,,,,,,,,,,,,,,,,,,,,,,,,,,,,,
227,2.25,2.125,2,2.0625,2.1,2.125,2.142857,2.15625,2.138889,2.125,2.102273,2.072917,2.048077,2.035714,2.033333,2.015625,2.014706,2.013889,1.986842,1.9625,1.940476,1.931818,1.918478,1.890625,1.865,1.850962,1.837963,1.825893,1.806034,1.795833,1.794355,1.792969,,,,,,,,,,,,,,,,,,,,,,,,,,,,,,,,,,,,,,,,,,,,,,,,,,,,,,,,,,,,,,,,,,,,,,,,,,,,,,,,,,,,,,,,,,,,,,,,,,,,,,,,,,,,,,,,,,,,,,,,,,,,,,,,,,,,,,,,,,,,,,,,,,,,,,,,,,,,,,,,,,,,,,,,,,,,,,,,,,,,,,,,,,,,,,,,,,,,,,,,,,,
28,3,2.9375,2.875,2.71875,2.575,2.479167,2.482143,2.46875,2.444444,2.425,2.409091,2.395833,2.442308,2.482143,2.516667,2.5,2.5,2.513889,2.5,2.475,2.452381,2.443182,2.451087,2.453125,2.445,2.4375,2.430556,2.424107,2.418103,2.4125,2.407258,2.402344,,,,,,,,,,,,,,,,,,,,,,,,,,,,,,,,,,,,,,,,,,,,,,,,,,,,,,,,,,,,,,,,,,,,,,,,,,,,,,,,,,,,,,,,,,,,,,,,,,,,,,,,,,,,,,,,,,,,,,,,,,,,,,,,,,,,,,,,,,,,,,,,,,,,,,,,,,,,,,,,,,,,,,,,,,,,,,,,,,,,,,,,,,,,,,,,,,,,,,,,,,,
170,2.25,2.25,2.166667,2.125,2.1,2.083333,2.107143,2.171875,2.208333,2.2375,2.261364,2.28125,2.298077,2.321429,2.35,2.359375,2.382353,2.416667,2.421053,2.425,2.428571,2.454545,2.456522,2.427083,2.4,2.394231,2.37963,2.348214,2.327586,2.308333,2.290323,2.265625,2.242424,,,,,,,,,,,,,,,,,,,,,,,,,,,,,,,,,,,,,,,,,,,,,,,,,,,,,,,,,,,,,,,,,,,,,,,,,,,,,,,,,,,,,,,,,,,,,,,,,,,,,,,,,,,,,,,,,,,,,,,,,,,,,,,,,,,,,,,,,,,,,,,,,,,,,,,,,,,,,,,,,,,,,,,,,,,,,,,,,,,,,,,,,,,,,,,,,,,,,,,,,,
65,2.25,2.375,2.333333,2.3125,2.3,2.291667,2.321429,2.296875,2.291667,2.2875,2.261364,2.239583,2.221154,2.214286,2.216667,2.1875,2.176471,2.194444,2.197368,2.1875,2.178571,2.181818,2.190217,2.203125,2.205,2.197115,2.199074,2.191964,2.193965,2.195833,2.197581,2.199219,2.200758,,,,,,,,,,,,,,,,,,,,,,,,,,,,,,,,,,,,,,,,,,,,,,,,,,,,,,,,,,,,,,,,,,,,,,,,,,,,,,,,,,,,,,,,,,,,,,,,,,,,,,,,,,,,,,,,,,,,,,,,,,,,,,,,,,,,,,,,,,,,,,,,,,,,,,,,,,,,,,,,,,,,,,,,,,,,,,,,,,,,,,,,,,,,,,,,,,,,,,,,,,
225,2.25,2.125,2,2.0625,2.025,2.020833,2.017857,2,1.972222,1.975,1.977273,1.979167,1.980769,1.991071,2.008333,2.007813,2.022059,2.048611,2.046053,2.05625,2.053571,2.0625,2.054348,2.041667,2.03,2.019231,2.009259,2,2,2,2,2,2,,,,,,,,,,,,,,,,,,,,,,,,,,,,,,,,,,,,,,,,,,,,,,,,,,,,,,,,,,,,,,,,,,,,,,,,,,,,,,,,,,,,,,,,,,,,,,,,,,,,,,,,,,,,,,,,,,,,,,,,,,,,,,,,,,,,,,,,,,,,,,,,,,,,,,,,,,,,,,,,,,,,,,,,,,,,,,,,,,,,,,,,,,,,,,,,,,,,,,,,,,
232,2.25,2.375,2.25,2.25,2.35,2.416667,2.464286,2.5,2.527778,2.525,2.545455,2.5625,2.576923,2.607143,2.616667,2.609375,2.602941,2.611111,2.605263,2.6125,2.607143,2.602273,2.608696,2.614583,2.62,2.625,2.62963,2.633929,2.62931,2.633333,2.620968,2.609375,2.590909,,,,,,,,,,,,,,,,,,,,,,,,,,,,,,,,,,,,,,,,,,,,,,,,,,,,,,,,,,,,,,,,,,,,,,,,,,,,,,,,,,,,,,,,,,,,,,,,,,,,,,,,,,,,,,,,,,,,,,,,,,,,,,,,,,,,,,,,,,,,,,,,,,,,,,,,,,,,,,,,,,,,,,,,,,,,,,,,,,,,,,,,,,,,,,,,,,,,,,,,,,
143,2.25,2.375,2.416667,2.5,2.55,2.541667,2.535714,2.53125,2.527778,2.525,2.5,2.479167,2.442308,2.428571,2.416667,2.40625,2.397059,2.388889,2.381579,2.375,2.369048,2.363636,2.353261,2.348958,2.335,2.3125,2.300926,2.299107,2.280172,2.279167,2.278226,2.277344,2.268939,,,,,,,,,,,,,,,,,,,,,,,,,,,,,,,,,,,,,,,,,,,,,,,,,,,,,,,,,,,,,,,,,,,,,,,,,,,,,,,,,,,,,,,,,,,,,,,,,,,,,,,,,,,,,,,,,,,,,,,,,,,,,,,,,,,,,,,,,,,,,,,,,,,,,,,,,,,,,,,,,,,,,,,,,,,,,,,,,,,,,,,,,,,,,,,,,,,,,,,,,,
127,2.75,2.875,2.833333,2.8125,2.775,2.729167,2.732143,2.734375,2.736111,2.7375,2.727273,2.729167,2.692308,2.678571,2.683333,2.65625,2.647059,2.652778,2.631579,2.6125,2.595238,2.602273,2.603261,2.598958,2.575,2.552885,2.541667,2.540179,2.538793,2.5375,2.528226,2.519531,2.511364,,,,,,,,,,,,,,,,,,,,,,,,,,,,,,,,,,,,,,,,,,,,,,,,,,,,,,,,,,,,,,,,,,,,,,,,,,,,,,,,,,,,,,,,,,,,,,,,,,,,,,,,,,,,,,,,,,,,,,,,,,,,,,,,,,,,,,,,,,,,,,,,,,,,,,,,,,,,,,,,,,,,,,,,,,,,,,,,,,,,,,,,,,,,,,,,,,,,,,,,,,
236,2.25,2.125,2,2.1875,2.3,2.375,2.428571,2.46875,2.5,2.525,2.568182,2.604167,2.615385,2.625,2.633333,2.640625,2.647059,2.652778,2.657895,2.6625,2.666667,2.670455,2.673913,2.677083,2.68,2.682692,2.685185,2.6875,2.689655,2.691667,2.685484,2.675781,2.662879,2.650735,,,,,,,,,,,,,,,,,,,,,,,,,,,,,,,,,,,,,,,,,,,,,,,,,,,,,,,,,,,,,,,,,,,,,,,,,,,,,,,,,,,,,,,,,,,,,,,,,,,,,,,,,,,,,,,,,,,,,,,,,,,,,,,,,,,,,,,,,,,,,,,,,,,,,,,,,,,,,,,,,,,,,,,,,,,,,,,,,,,,,,,,,,,,,,,,,,,,,,,,,
112,2.25,2.375,2.333333,2.5,2.6,2.666667,2.714286,2.71875,2.722222,2.725,2.727273,2.729167,2.730769,2.732143,2.733333,2.734375,2.735294,2.736111,2.736842,2.7375,2.738095,2.75,2.75,2.729167,2.7,2.6875,2.680556,2.674107,2.668103,2.6625,2.657258,2.652344,2.640152,2.621324,,,,,,,,,,,,,,,,,,,,,,,,,,,,,,,,,,,,,,,,,,,,,,,,,,,,,,,,,,,,,,,,,,,,,,,,,,,,,,,,,,,,,,,,,,,,,,,,,,,,,,,,,,,,,,,,,,,,,,,,,,,,,,,,,,,,,,,,,,,,,,,,,,,,,,,,,,,,,,,,,,,,,,,,,,,,,,,,,,,,,,,,,,,,,,,,,,,,,,,,,
60,2.25,2.5,2.5,2.625,2.65,2.708333,2.75,2.78125,2.805556,2.825,2.840909,2.854167,2.865385,2.875,2.883333,2.890625,2.897059,2.902778,2.881579,2.8625,2.845238,2.852273,2.826087,2.802083,2.78,2.745192,2.717592,2.691964,2.685345,2.679167,2.673387,2.667969,2.662879,2.658088,,,,,,,,,,,,,,,,,,,,,,,,,,,,,,,,,,,,,,,,,,,,,,,,,,,,,,,,,,,,,,,,,,,,,,,,,,,,,,,,,,,,,,,,,,,,,,,,,,,,,,,,,,,,,,,,,,,,,,,,,,,,,,,,,,,,,,,,,,,,,,,,,,,,,,,,,,,,,,,,,,,,,,,,,,,,,,,,,,,,,,,,,,,,,,,,,,,,,,,,,
331,2.25,2.25,2.25,2.25,2.25,2.291667,2.392857,2.4375,2.388889,2.375,2.340909,2.333333,2.346154,2.366071,2.391667,2.398438,2.419118,2.4375,2.427632,2.41875,2.410714,2.426136,2.429348,2.432292,2.425,2.432692,2.444444,2.428571,2.422414,2.416667,2.41129,2.40625,2.401515,2.404412,,,,,,,,,,,,,,,,,,,,,,,,,,,,,,,,,,,,,,,,,,,,,,,,,,,,,,,,,,,,,,,,,,,,,,,,,,,,,,,,,,,,,,,,,,,,,,,,,,,,,,,,,,,,,,,,,,,,,,,,,,,,,,,,,,,,,,,,,,,,,,,,,,,,,,,,,,,,,,,,,,,,,,,,,,,,,,,,,,,,,,,,,,,,,,,,,,,,,,,,,
174,2.25,2.375,2.333333,2.25,2.225,2.229167,2.232143,2.234375,2.263889,2.2875,2.306818,2.322917,2.317308,2.321429,2.333333,2.328125,2.338235,2.361111,2.355263,2.35,2.333333,2.329545,2.320652,2.307292,2.295,2.293269,2.291667,2.290179,2.288793,2.2875,2.294355,2.289063,2.287879,2.279412,,,,,,,,,,,,,,,,,,,,,,,,,,,,,,,,,,,,,,,,,,,,,,,,,,,,,,,,,,,,,,,,,,,,,,,,,,,,,,,,,,,,,,,,,,,,,,,,,,,,,,,,,,,,,,,,,,,,,,,,,,,,,,,,,,,,,,,,,,,,,,,,,,,,,,,,,,,,,,,,,,,,,,,,,,,,,,,,,,,,,,,,,,,,,,,,,,,,,,,,,
3,2.25,2.25,2.166667,2.125,2.05,2,2.035714,2.046875,2.041667,2.0375,2.034091,2.010417,1.990385,2.008929,2.041667,2.039063,2.051471,2.0625,2.059211,2.04375,2.029762,2.028409,2.032609,2.041667,2.03,2.033654,2.032408,2.049107,2.064655,2.079167,2.092742,2.09375,2.098485,2.102941,2.107143,,,,,,,,,,,,,,,,,,,,,,,,,,,,,,,,,,,,,,,,,,,,,,,,,,,,,,,,,,,,,,,,,,,,,,,,,,,,,,,,,,,,,,,,,,,,,,,,,,,,,,,,,,,,,,,,,,,,,,,,,,,,,,,,,,,,,,,,,,,,,,,,,,,,,,,,,,,,,,,,,,,,,,,,,,,,,,,,,,,,,,,,,,,,,,,,,,,,,,,,
326,2.25,2.3125,2.208333,2.15625,2.2,2.25,2.285714,2.328125,2.319444,2.3375,2.363636,2.395833,2.403846,2.419643,2.441667,2.445313,2.448529,2.465278,2.467105,2.46875,2.470238,2.494318,2.505435,2.505208,2.495,2.5,2.509259,2.508929,2.508621,2.508333,2.508065,2.507813,2.507576,2.507353,2.507143,,,,,,,,,,,,,,,,,,,,,,,,,,,,,,,,,,,,,,,,,,,,,,,,,,,,,,,,,,,,,,,,,,,,,,,,,,,,,,,,,,,,,,,,,,,,,,,,,,,,,,,,,,,,,,,,,,,,,,,,,,,,,,,,,,,,,,,,,,,,,,,,,,,,,,,,,,,,,,,,,,,,,,,,,,,,,,,,,,,,,,,,,,,,,,,,,,,,,,,,
229,2.25,2.3125,2.291667,2.40625,2.475,2.520833,2.553571,2.578125,2.597222,2.6125,2.625,2.635417,2.644231,2.633929,2.625,2.601563,2.595588,2.604167,2.611842,2.61875,2.625,2.630682,2.625,2.619792,2.625,2.629808,2.634259,2.638393,2.642241,2.645833,2.641129,2.632813,2.621212,2.602941,2.592857,,,,,,,,,,,,,,,,,,,,,,,,,,,,,,,,,,,,,,,,,,,,,,,,,,,,,,,,,,,,,,,,,,,,,,,,,,,,,,,,,,,,,,,,,,,,,,,,,,,,,,,,,,,,,,,,,,,,,,,,,,,,,,,,,,,,,,,,,,,,,,,,,,,,,,,,,,,,,,,,,,,,,,,,,,,,,,,,,,,,,,,,,,,,,,,,,,,,,,,,
71,2.5,2.5,2.5,2.5,2.55,2.583333,2.607143,2.625,2.638889,2.65,2.659091,2.666667,2.692308,2.714286,2.716667,2.71875,2.720588,2.736111,2.736842,2.71875,2.696429,2.6875,2.673913,2.666667,2.66,2.644231,2.638889,2.633929,2.62931,2.625,2.620968,2.617188,2.590909,2.573529,2.557143,2.534722,,,,,,,,,,,,,,,,,,,,,,,,,,,,,,,,,,,,,,,,,,,,,,,,,,,,,,,,,,,,,,,,,,,,,,,,,,,,,,,,,,,,,,,,,,,,,,,,,,,,,,,,,,,,,,,,,,,,,,,,,,,,,,,,,,,,,,,,,,,,,,,,,,,,,,,,,,,,,,,,,,,,,,,,,,,,,,,,,,,,,,,,,,,,,,,,,,,,,,,
134,2.25,2.1875,2.125,2.15625,2.175,2.1875,2.196429,2.203125,2.208333,2.2375,2.238636,2.21875,2.240385,2.241071,2.241667,2.257813,2.272059,2.243056,2.230263,2.21875,2.208333,2.210227,2.190217,2.151042,2.125,2.100961,2.078704,2.058036,2.047414,2.029167,2.020161,2.011719,2.011364,2.011029,2.010714,2.003472,,,,,,,,,,,,,,,,,,,,,,,,,,,,,,,,,,,,,,,,,,,,,,,,,,,,,,,,,,,,,,,,,,,,,,,,,,,,,,,,,,,,,,,,,,,,,,,,,,,,,,,,,,,,,,,,,,,,,,,,,,,,,,,,,,,,,,,,,,,,,,,,,,,,,,,,,,,,,,,,,,,,,,,,,,,,,,,,,,,,,,,,,,,,,,,,,,,,,,,
251,2.75,2.75,2.75,2.75,2.75,2.75,2.75,2.734375,2.736111,2.7625,2.784091,2.802083,2.798077,2.785714,2.783333,2.765625,2.764706,2.777778,2.763158,2.7625,2.75,2.75,2.73913,2.71875,2.7,2.682692,2.666667,2.651786,2.637931,2.625,2.612903,2.601563,2.590909,2.580882,2.564286,2.548611,,,,,,,,,,,,,,,,,,,,,,,,,,,,,,,,,,,,,,,,,,,,,,,,,,,,,,,,,,,,,,,,,,,,,,,,,,,,,,,,,,,,,,,,,,,,,,,,,,,,,,,,,,,,,,,,,,,,,,,,,,,,,,,,,,,,,,,,,,,,,,,,,,,,,,,,,,,,,,,,,,,,,,,,,,,,,,,,,,,,,,,,,,,,,,,,,,,,,,,
116,2.25,2.375,2.333333,2.4375,2.5,2.541667,2.571429,2.59375,2.611111,2.625,2.636364,2.645833,2.653846,2.660714,2.666667,2.671875,2.676471,2.680556,2.684211,2.6875,2.690476,2.693182,2.684783,2.677083,2.67,2.668269,2.671296,2.665179,2.659483,2.654167,2.649194,2.644531,2.632576,2.628676,2.625,2.621528,,,,,,,,,,,,,,,,,,,,,,,,,,,,,,,,,,,,,,,,,,,,,,,,,,,,,,,,,,,,,,,,,,,,,,,,,,,,,,,,,,,,,,,,,,,,,,,,,,,,,,,,,,,,,,,,,,,,,,,,,,,,,,,,,,,,,,,,,,,,,,,,,,,,,,,,,,,,,,,,,,,,,,,,,,,,,,,,,,,,,,,,,,,,,,,,,,,,,,,
273,2.25,2.375,2.416667,2.3125,2.275,2.270833,2.267857,2.296875,2.263889,2.2375,2.261364,2.28125,2.298077,2.321429,2.35,2.359375,2.382353,2.416667,2.421053,2.425,2.428571,2.443182,2.423913,2.416667,2.42,2.418269,2.412037,2.415179,2.409483,2.404167,2.399194,2.394531,2.397727,2.400735,2.403571,2.40625,,,,,,,,,,,,,,,,,,,,,,,,,,,,,,,,,,,,,,,,,,,,,,,,,,,,,,,,,,,,,,,,,,,,,,,,,,,,,,,,,,,,,,,,,,,,,,,,,,,,,,,,,,,,,,,,,,,,,,,,,,,,,,,,,,,,,,,,,,,,,,,,,,,,,,,,,,,,,,,,,,,,,,,,,,,,,,,,,,,,,,,,,,,,,,,,,,,,,,,
69,2.5,2.5,2.416667,2.4375,2.45,2.458333,2.428571,2.40625,2.388889,2.375,2.363636,2.354167,2.365385,2.357143,2.35,2.34375,2.338235,2.347222,2.328947,2.325,2.333333,2.340909,2.358696,2.364583,2.37,2.375,2.37963,2.383929,2.37931,2.383333,2.387097,2.390625,2.393939,2.397059,2.4,2.402778,,,,,,,,,,,,,,,,,,,,,,,,,,,,,,,,,,,,,,,,,,,,,,,,,,,,,,,,,,,,,,,,,,,,,,,,,,,,,,,,,,,,,,,,,,,,,,,,,,,,,,,,,,,,,,,,,,,,,,,,,,,,,,,,,,,,,,,,,,,,,,,,,,,,,,,,,,,,,,,,,,,,,,,,,,,,,,,,,,,,,,,,,,,,,,,,,,,,,,,
121,2.25,2.375,2.416667,2.5,2.55,2.583333,2.607143,2.625,2.638889,2.65,2.659091,2.666667,2.673077,2.678571,2.683333,2.6875,2.691176,2.694444,2.697368,2.7,2.702381,2.704545,2.695652,2.677083,2.65,2.639423,2.643518,2.638393,2.633621,2.629167,2.625,2.621094,2.617424,2.613971,2.610714,2.607639,,,,,,,,,,,,,,,,,,,,,,,,,,,,,,,,,,,,,,,,,,,,,,,,,,,,,,,,,,,,,,,,,,,,,,,,,,,,,,,,,,,,,,,,,,,,,,,,,,,,,,,,,,,,,,,,,,,,,,,,,,,,,,,,,,,,,,,,,,,,,,,,,,,,,,,,,,,,,,,,,,,,,,,,,,,,,,,,,,,,,,,,,,,,,,,,,,,,,,,
92,2.75,2.75,2.75,2.6875,2.675,2.645833,2.625,2.609375,2.513889,2.4125,2.352273,2.322917,2.298077,2.303571,2.3,2.328125,2.352941,2.375,2.394737,2.4,2.392857,2.386364,2.353261,2.328125,2.295,2.274039,2.273148,2.263393,2.25431,2.254167,2.254032,2.253906,2.253788,2.253676,2.253572,2.253472,2.266892,,,,,,,,,,,,,,,,,,,,,,,,,,,,,,,,,,,,,,,,,,,,,,,,,,,,,,,,,,,,,,,,,,,,,,,,,,,,,,,,,,,,,,,,,,,,,,,,,,,,,,,,,,,,,,,,,,,,,,,,,,,,,,,,,,,,,,,,,,,,,,,,,,,,,,,,,,,,,,,,,,,,,,,,,,,,,,,,,,,,,,,,,,,,,,,,,,,,,,
61,2.25,2.375,2.333333,2.4375,2.5,2.541667,2.571429,2.59375,2.611111,2.625,2.636364,2.625,2.615385,2.642857,2.666667,2.671875,2.691176,2.694444,2.671053,2.65,2.630952,2.625,2.603261,2.557292,2.545,2.533654,2.523148,2.513393,2.50431,2.495833,2.487903,2.480469,2.473485,2.466912,2.464286,2.465278,2.47973,,,,,,,,,,,,,,,,,,,,,,,,,,,,,,,,,,,,,,,,,,,,,,,,,,,,,,,,,,,,,,,,,,,,,,,,,,,,,,,,,,,,,,,,,,,,,,,,,,,,,,,,,,,,,,,,,,,,,,,,,,,,,,,,,,,,,,,,,,,,,,,,,,,,,,,,,,,,,,,,,,,,,,,,,,,,,,,,,,,,,,,,,,,,,,,,,,,,,,
70,2.5,2.5,2.416667,2.375,2.4,2.416667,2.428571,2.40625,2.388889,2.375,2.363636,2.354167,2.346154,2.339286,2.333333,2.328125,2.323529,2.305556,2.263158,2.2625,2.261905,2.261364,2.25,2.229167,2.21,2.201923,2.194444,2.178571,2.172414,2.166667,2.153226,2.148438,2.143939,2.139706,2.128572,2.118056,2.121622,,,,,,,,,,,,,,,,,,,,,,,,,,,,,,,,,,,,,,,,,,,,,,,,,,,,,,,,,,,,,,,,,,,,,,,,,,,,,,,,,,,,,,,,,,,,,,,,,,,,,,,,,,,,,,,,,,,,,,,,,,,,,,,,,,,,,,,,,,,,,,,,,,,,,,,,,,,,,,,,,,,,,,,,,,,,,,,,,,,,,,,,,,,,,,,,,,,,,,
161,2.75,2.75,2.75,2.6875,2.675,2.6875,2.696429,2.703125,2.708333,2.7125,2.704545,2.6875,2.653846,2.651786,2.641667,2.601563,2.580882,2.5625,2.519737,2.50625,2.505952,2.528409,2.516304,2.484375,2.465,2.456731,2.458333,2.433036,2.418103,2.404167,2.407258,2.410156,2.412879,2.415441,2.410714,2.40625,2.41554,2.404605,,,,,,,,,,,,,,,,,,,,,,,,,,,,,,,,,,,,,,,,,,,,,,,,,,,,,,,,,,,,,,,,,,,,,,,,,,,,,,,,,,,,,,,,,,,,,,,,,,,,,,,,,,,,,,,,,,,,,,,,,,,,,,,,,,,,,,,,,,,,,,,,,,,,,,,,,,,,,,,,,,,,,,,,,,,,,,,,,,,,,,,,,,,,,,,,,,,,,
230,2.25,2.5,2.5,2.625,2.7,2.75,2.785714,2.8125,2.833333,2.85,2.863636,2.875,2.884615,2.892857,2.9,2.90625,2.911765,2.916667,2.921053,2.925,2.928571,2.931818,2.934783,2.9375,2.94,2.942308,2.944444,2.946429,2.948276,2.95,2.935484,2.917969,2.897727,2.886029,2.875,2.857639,2.85473,2.845395,,,,,,,,,,,,,,,,,,,,,,,,,,,,,,,,,,,,,,,,,,,,,,,,,,,,,,,,,,,,,,,,,,,,,,,,,,,,,,,,,,,,,,,,,,,,,,,,,,,,,,,,,,,,,,,,,,,,,,,,,,,,,,,,,,,,,,,,,,,,,,,,,,,,,,,,,,,,,,,,,,,,,,,,,,,,,,,,,,,,,,,,,,,,,,,,,,,,,
159,2.75,2.75,2.666667,2.75,2.75,2.75,2.75,2.75,2.75,2.75,2.75,2.75,2.711539,2.6875,2.675,2.664063,2.654412,2.659722,2.664474,2.66875,2.672619,2.6875,2.690217,2.703125,2.715,2.725961,2.736111,2.691964,2.650862,2.6375,2.625,2.613281,2.594697,2.584559,2.575,2.572917,2.58446,2.595395,2.599359,,,,,,,,,,,,,,,,,,,,,,,,,,,,,,,,,,,,,,,,,,,,,,,,,,,,,,,,,,,,,,,,,,,,,,,,,,,,,,,,,,,,,,,,,,,,,,,,,,,,,,,,,,,,,,,,,,,,,,,,,,,,,,,,,,,,,,,,,,,,,,,,,,,,,,,,,,,,,,,,,,,,,,,,,,,,,,,,,,,,,,,,,,,,,,,,,,,,
309,2.25,2.375,2.416667,2.4375,2.45,2.416667,2.392857,2.375,2.388889,2.375,2.340909,2.3125,2.307692,2.285714,2.283333,2.28125,2.279412,2.277778,2.276316,2.2625,2.261905,2.261364,2.26087,2.260417,2.26,2.259615,2.259259,2.258929,2.258621,2.258333,2.258065,2.257813,2.25,2.242647,2.235714,2.243056,2.25,2.243421,2.230769,,,,,,,,,,,,,,,,,,,,,,,,,,,,,,,,,,,,,,,,,,,,,,,,,,,,,,,,,,,,,,,,,,,,,,,,,,,,,,,,,,,,,,,,,,,,,,,,,,,,,,,,,,,,,,,,,,,,,,,,,,,,,,,,,,,,,,,,,,,,,,,,,,,,,,,,,,,,,,,,,,,,,,,,,,,,,,,,,,,,,,,,,,,,,,,,,,,,
199,2.25,2.375,2.5,2.4375,2.375,2.395833,2.482143,2.515625,2.486111,2.4625,2.420455,2.385417,2.355769,2.339286,2.333333,2.3125,2.308824,2.319444,2.315789,2.3125,2.309524,2.318182,2.326087,2.302083,2.29,2.293269,2.300926,2.299107,2.297414,2.279167,2.270161,2.265625,2.272727,2.279412,2.285714,2.291667,2.310811,2.322368,2.326923,2.33125,,,,,,,,,,,,,,,,,,,,,,,,,,,,,,,,,,,,,,,,,,,,,,,,,,,,,,,,,,,,,,,,,,,,,,,,,,,,,,,,,,,,,,,,,,,,,,,,,,,,,,,,,,,,,,,,,,,,,,,,,,,,,,,,,,,,,,,,,,,,,,,,,,,,,,,,,,,,,,,,,,,,,,,,,,,,,,,,,,,,,,,,,,,,,,,,,,,
330,2.25,2.375,2.333333,2.3125,2.3,2.291667,2.25,2.28125,2.305556,2.325,2.340909,2.354167,2.346154,2.357143,2.366667,2.390625,2.382353,2.402778,2.407895,2.425,2.428571,2.431818,2.445652,2.447917,2.44,2.442308,2.435185,2.4375,2.439655,2.433333,2.435484,2.4375,2.431818,2.433824,2.442857,2.451389,2.452703,2.444079,2.432692,2.409375,2.396342,,,,,,,,,,,,,,,,,,,,,,,,,,,,,,,,,,,,,,,,,,,,,,,,,,,,,,,,,,,,,,,,,,,,,,,,,,,,,,,,,,,,,,,,,,,,,,,,,,,,,,,,,,,,,,,,,,,,,,,,,,,,,,,,,,,,,,,,,,,,,,,,,,,,,,,,,,,,,,,,,,,,,,,,,,,,,,,,,,,,,,,,,,,,,,,,,,
54,2.5,2.375,2.416667,2.4375,2.45,2.458333,2.464286,2.46875,2.472222,2.45,2.431818,2.416667,2.423077,2.428571,2.433333,2.4375,2.441176,2.444444,2.421053,2.4125,2.392857,2.397727,2.391304,2.375,2.36,2.346154,2.333333,2.321429,2.310345,2.291667,2.274194,2.265625,2.25,2.242647,2.246428,2.239583,2.246622,2.246711,2.240385,2.228125,2.216463,,,,,,,,,,,,,,,,,,,,,,,,,,,,,,,,,,,,,,,,,,,,,,,,,,,,,,,,,,,,,,,,,,,,,,,,,,,,,,,,,,,,,,,,,,,,,,,,,,,,,,,,,,,,,,,,,,,,,,,,,,,,,,,,,,,,,,,,,,,,,,,,,,,,,,,,,,,,,,,,,,,,,,,,,,,,,,,,,,,,,,,,,,,,,,,,,,
319,1.75,1.6875,1.708333,1.78125,1.825,1.8125,1.767857,1.796875,1.819444,1.8625,1.875,1.864583,1.836538,1.830357,1.825,1.820313,1.816176,1.826389,1.835526,1.84375,1.85119,1.857955,1.86413,1.869792,1.875,1.879808,1.875,1.861607,1.857759,1.8625,1.866935,1.878906,1.882576,1.886029,1.889286,1.892361,1.89527,1.898026,1.900641,1.903125,1.905488,1.907738,,,,,,,,,,,,,,,,,,,,,,,,,,,,,,,,,,,,,,,,,,,,,,,,,,,,,,,,,,,,,,,,,,,,,,,,,,,,,,,,,,,,,,,,,,,,,,,,,,,,,,,,,,,,,,,,,,,,,,,,,,,,,,,,,,,,,,,,,,,,,,,,,,,,,,,,,,,,,,,,,,,,,,,,,,,,,,,,,,,,,,,,,,,,,,,,,
59,2.75,2.75,2.75,2.6875,2.65,2.583333,2.607143,2.59375,2.527778,2.475,2.431818,2.395833,2.403846,2.410714,2.416667,2.421875,2.426471,2.444444,2.434211,2.425,2.416667,2.420455,2.407609,2.401042,2.385,2.370192,2.365741,2.361607,2.357759,2.354167,2.350806,2.347656,2.344697,2.341912,2.339286,2.34375,2.361486,2.365132,2.36218,2.359375,2.356707,2.354167,,,,,,,,,,,,,,,,,,,,,,,,,,,,,,,,,,,,,,,,,,,,,,,,,,,,,,,,,,,,,,,,,,,,,,,,,,,,,,,,,,,,,,,,,,,,,,,,,,,,,,,,,,,,,,,,,,,,,,,,,,,,,,,,,,,,,,,,,,,,,,,,,,,,,,,,,,,,,,,,,,,,,,,,,,,,,,,,,,,,,,,,,,,,,,,,,
147,2.25,2.1875,2.125,2.09375,2.125,2.104167,2.196429,2.25,2.305556,2.35,2.397727,2.427083,2.451923,2.4375,2.425,2.429688,2.433824,2.451389,2.467105,2.49375,2.517857,2.528409,2.527174,2.526042,2.515,2.509615,2.509259,2.517857,2.525862,2.533333,2.532258,2.53125,2.530303,2.536765,2.539286,2.538194,2.550676,2.555921,2.554487,2.553125,2.551829,2.550595,2.549419,,,,,,,,,,,,,,,,,,,,,,,,,,,,,,,,,,,,,,,,,,,,,,,,,,,,,,,,,,,,,,,,,,,,,,,,,,,,,,,,,,,,,,,,,,,,,,,,,,,,,,,,,,,,,,,,,,,,,,,,,,,,,,,,,,,,,,,,,,,,,,,,,,,,,,,,,,,,,,,,,,,,,,,,,,,,,,,,,,,,,,,,,,,,,,,,
258,2.25,2.25,2.25,2.25,2.25,2.291667,2.321429,2.34375,2.361111,2.375,2.352273,2.302083,2.259615,2.25,2.266667,2.265625,2.279412,2.291667,2.276316,2.2625,2.25,2.272727,2.282609,2.270833,2.26,2.259615,2.259259,2.25,2.25,2.258333,2.266129,2.277344,2.291667,2.305147,2.317857,2.322917,2.320946,2.325658,2.323718,2.321875,2.320122,2.318452,2.31686,2.315341,,,,,,,,,,,,,,,,,,,,,,,,,,,,,,,,,,,,,,,,,,,,,,,,,,,,,,,,,,,,,,,,,,,,,,,,,,,,,,,,,,,,,,,,,,,,,,,,,,,,,,,,,,,,,,,,,,,,,,,,,,,,,,,,,,,,,,,,,,,,,,,,,,,,,,,,,,,,,,,,,,,,,,,,,,,,,,,,,,,,,,,,,,,,,,,
245,2.25,2.375,2.416667,2.5625,2.6,2.625,2.642857,2.625,2.638889,2.625,2.613636,2.604167,2.576923,2.589286,2.566667,2.5625,2.558824,2.555556,2.565789,2.55,2.535714,2.522727,2.532609,2.552083,2.57,2.586539,2.601852,2.616071,2.62931,2.641667,2.653226,2.664063,2.674242,2.661765,2.65,2.638889,2.641892,2.638158,2.628205,2.61875,2.609756,2.601191,2.598837,2.590909,,,,,,,,,,,,,,,,,,,,,,,,,,,,,,,,,,,,,,,,,,,,,,,,,,,,,,,,,,,,,,,,,,,,,,,,,,,,,,,,,,,,,,,,,,,,,,,,,,,,,,,,,,,,,,,,,,,,,,,,,,,,,,,,,,,,,,,,,,,,,,,,,,,,,,,,,,,,,,,,,,,,,,,,,,,,,,,,,,,,,,,,,,,,,,,
235,2.25,2.25,2.333333,2.4375,2.45,2.375,2.428571,2.375,2.333333,2.3,2.295455,2.291667,2.288461,2.294643,2.291667,2.289063,2.301471,2.3125,2.296053,2.28125,2.291667,2.323864,2.331522,2.328125,2.325,2.317308,2.314815,2.321429,2.323276,2.320833,2.310484,2.300781,2.291667,2.275735,2.267857,2.267361,2.273649,2.273026,2.272436,2.271875,2.27439,2.279762,2.27907,2.278409,,,,,,,,,,,,,,,,,,,,,,,,,,,,,,,,,,,,,,,,,,,,,,,,,,,,,,,,,,,,,,,,,,,,,,,,,,,,,,,,,,,,,,,,,,,,,,,,,,,,,,,,,,,,,,,,,,,,,,,,,,,,,,,,,,,,,,,,,,,,,,,,,,,,,,,,,,,,,,,,,,,,,,,,,,,,,,,,,,,,,,,,,,,,,,,
137,2,2.25,2.25,2.1875,2.2,2.083333,2.142857,2.1875,2.166667,2.15,2.136364,2.145833,2.115385,2.080357,2.091667,2.101563,2.110294,2.145833,2.151316,2.14375,2.136905,2.153409,2.173913,2.1875,2.19,2.201923,2.222222,2.223214,2.211207,2.195833,2.189516,2.179688,2.181818,2.191176,2.185714,2.166667,2.162162,2.151316,2.141026,2.13125,2.128049,2.119048,2.116279,2.113636,,,,,,,,,,,,,,,,,,,,,,,,,,,,,,,,,,,,,,,,,,,,,,,,,,,,,,,,,,,,,,,,,,,,,,,,,,,,,,,,,,,,,,,,,,,,,,,,,,,,,,,,,,,,,,,,,,,,,,,,,,,,,,,,,,,,,,,,,,,,,,,,,,,,,,,,,,,,,,,,,,,,,,,,,,,,,,,,,,,,,,,,,,,,,,,
7,2.75,2.6875,2.625,2.53125,2.475,2.4375,2.482143,2.5,2.5,2.525,2.545455,2.5625,2.557692,2.571429,2.583333,2.546875,2.544118,2.555556,2.539474,2.525,2.511905,2.522727,2.51087,2.5,2.48,2.485577,2.49537,2.486607,2.478448,2.470833,2.46371,2.449219,2.443182,2.4375,2.432143,2.420139,2.429054,2.430921,2.426282,2.409375,2.393293,2.377976,2.363372,2.349432,2.336111,,,,,,,,,,,,,,,,,,,,,,,,,,,,,,,,,,,,,,,,,,,,,,,,,,,,,,,,,,,,,,,,,,,,,,,,,,,,,,,,,,,,,,,,,,,,,,,,,,,,,,,,,,,,,,,,,,,,,,,,,,,,,,,,,,,,,,,,,,,,,,,,,,,,,,,,,,,,,,,,,,,,,,,,,,,,,,,,,,,,,,,,,,,,,,
8,2.75,2.6875,2.625,2.46875,2.375,2.3125,2.303571,2.25,2.194444,2.2,2.181818,2.166667,2.173077,2.169643,2.191667,2.179688,2.169118,2.1875,2.177632,2.16875,2.160714,2.164773,2.152174,2.135417,2.13,2.125,2.12037,2.107143,2.103448,2.1,2.096774,2.09375,2.090909,2.088235,2.092857,2.097222,2.114865,2.125,2.121795,2.11875,2.115854,2.119048,2.116279,2.113636,2.111111,2.11413,,,,,,,,,,,,,,,,,,,,,,,,,,,,,,,,,,,,,,,,,,,,,,,,,,,,,,,,,,,,,,,,,,,,,,,,,,,,,,,,,,,,,,,,,,,,,,,,,,,,,,,,,,,,,,,,,,,,,,,,,,,,,,,,,,,,,,,,,,,,,,,,,,,,,,,,,,,,,,,,,,,,,,,,,,,,,,,,,,,,,,,,,,,,,
351,2.25,2.5,2.583333,2.625,2.65,2.666667,2.678571,2.6875,2.694444,2.7,2.704545,2.708333,2.711539,2.714286,2.716667,2.71875,2.720588,2.722222,2.723684,2.725,2.726191,2.727273,2.728261,2.729167,2.73,2.730769,2.731482,2.732143,2.732759,2.733333,2.733871,2.734375,2.734848,2.735294,2.732143,2.732639,2.739865,2.740132,2.733974,2.715625,2.698171,2.6875,2.677325,2.667614,2.658333,2.644022,,,,,,,,,,,,,,,,,,,,,,,,,,,,,,,,,,,,,,,,,,,,,,,,,,,,,,,,,,,,,,,,,,,,,,,,,,,,,,,,,,,,,,,,,,,,,,,,,,,,,,,,,,,,,,,,,,,,,,,,,,,,,,,,,,,,,,,,,,,,,,,,,,,,,,,,,,,,,,,,,,,,,,,,,,,,,,,,,,,,,,,,,,,,,
291,2,2.125,2.166667,2.25,2.25,2.25,2.214286,2.21875,2.222222,2.225,2.25,2.270833,2.288461,2.285714,2.266667,2.265625,2.25,2.25,2.263158,2.275,2.285714,2.295455,2.304348,2.3125,2.3,2.298077,2.296296,2.303571,2.318965,2.333333,2.346774,2.359375,2.371212,2.382353,2.392857,2.395833,2.398649,2.401316,2.397436,2.39375,2.387195,2.383929,2.380814,2.377841,2.375,2.372283,,,,,,,,,,,,,,,,,,,,,,,,,,,,,,,,,,,,,,,,,,,,,,,,,,,,,,,,,,,,,,,,,,,,,,,,,,,,,,,,,,,,,,,,,,,,,,,,,,,,,,,,,,,,,,,,,,,,,,,,,,,,,,,,,,,,,,,,,,,,,,,,,,,,,,,,,,,,,,,,,,,,,,,,,,,,,,,,,,,,,,,,,,,,,
84,2.5,2.5,2.5,2.4375,2.4,2.375,2.357143,2.34375,2.333333,2.325,2.318182,2.3125,2.307692,2.303571,2.3,2.296875,2.294118,2.291667,2.289474,2.2875,2.285714,2.284091,2.282609,2.28125,2.28,2.278846,2.277778,2.276786,2.275862,2.275,2.274194,2.273438,2.272727,2.272059,2.267857,2.260417,2.253378,2.243421,2.230769,2.21875,2.207317,2.196429,2.186047,2.176136,2.166667,2.157609,,,,,,,,,,,,,,,,,,,,,,,,,,,,,,,,,,,,,,,,,,,,,,,,,,,,,,,,,,,,,,,,,,,,,,,,,,,,,,,,,,,,,,,,,,,,,,,,,,,,,,,,,,,,,,,,,,,,,,,,,,,,,,,,,,,,,,,,,,,,,,,,,,,,,,,,,,,,,,,,,,,,,,,,,,,,,,,,,,,,,,,,,,,,,
34,2.25,2.25,2.25,2.25,2.25,2.291667,2.321429,2.3125,2.305556,2.3,2.295455,2.291667,2.288461,2.285714,2.283333,2.296875,2.294118,2.291667,2.289474,2.2875,2.285714,2.284091,2.282609,2.28125,2.28,2.278846,2.277778,2.276786,2.275862,2.275,2.274194,2.273438,2.272727,2.272059,2.271429,2.270833,2.27027,2.269737,2.269231,2.26875,2.268293,2.261905,2.261628,2.258523,2.258333,2.252717,,,,,,,,,,,,,,,,,,,,,,,,,,,,,,,,,,,,,,,,,,,,,,,,,,,,,,,,,,,,,,,,,,,,,,,,,,,,,,,,,,,,,,,,,,,,,,,,,,,,,,,,,,,,,,,,,,,,,,,,,,,,,,,,,,,,,,,,,,,,,,,,,,,,,,,,,,,,,,,,,,,,,,,,,,,,,,,,,,,,,,,,,,,,,
27,2.75,2.75,2.75,2.75,2.725,2.6875,2.732143,2.734375,2.652778,2.5625,2.534091,2.489583,2.432692,2.410714,2.4,2.390625,2.411765,2.444444,2.447368,2.45,2.452381,2.477273,2.48913,2.489583,2.49,2.485577,2.486111,2.477679,2.469828,2.470833,2.471774,2.472656,2.473485,2.474265,2.467857,2.461806,2.476351,2.483553,2.483974,2.484375,2.484756,2.485119,2.485465,2.485795,2.486111,2.480978,2.476064,,,,,,,,,,,,,,,,,,,,,,,,,,,,,,,,,,,,,,,,,,,,,,,,,,,,,,,,,,,,,,,,,,,,,,,,,,,,,,,,,,,,,,,,,,,,,,,,,,,,,,,,,,,,,,,,,,,,,,,,,,,,,,,,,,,,,,,,,,,,,,,,,,,,,,,,,,,,,,,,,,,,,,,,,,,,,,,,,,,,,,,,,,,,
181,2.25,2.375,2.416667,2.4375,2.45,2.458333,2.464286,2.46875,2.472222,2.475,2.477273,2.479167,2.480769,2.5,2.516667,2.53125,2.544118,2.555556,2.552632,2.5625,2.571429,2.579545,2.576087,2.572917,2.58,2.586539,2.592592,2.580357,2.568965,2.558333,2.548387,2.53125,2.515152,2.507353,2.496428,2.482639,2.476351,2.473684,2.461539,2.45625,2.45122,2.446429,2.44186,2.4375,2.433333,2.429348,2.425532,,,,,,,,,,,,,,,,,,,,,,,,,,,,,,,,,,,,,,,,,,,,,,,,,,,,,,,,,,,,,,,,,,,,,,,,,,,,,,,,,,,,,,,,,,,,,,,,,,,,,,,,,,,,,,,,,,,,,,,,,,,,,,,,,,,,,,,,,,,,,,,,,,,,,,,,,,,,,,,,,,,,,,,,,,,,,,,,,,,,,,,,,,,,
2,3,3,3,3,3,3,3,3,3,3,3,3,3,3,3,3,3,3,3,3,3,3,3,3,3,2.990385,2.990741,2.991071,2.991379,2.991667,2.991935,2.992188,2.992424,2.992647,2.992857,2.993056,2.993243,2.986842,2.974359,2.95625,2.939024,2.922619,2.906977,2.892045,2.877778,2.858696,2.840425,,,,,,,,,,,,,,,,,,,,,,,,,,,,,,,,,,,,,,,,,,,,,,,,,,,,,,,,,,,,,,,,,,,,,,,,,,,,,,,,,,,,,,,,,,,,,,,,,,,,,,,,,,,,,,,,,,,,,,,,,,,,,,,,,,,,,,,,,,,,,,,,,,,,,,,,,,,,,,,,,,,,,,,,,,,,,,,,,,,,,,,,,,,,
262,2.75,2.75,2.666667,2.5,2.4,2.333333,2.321429,2.296875,2.236111,2.1875,2.147727,2.135417,2.125,2.125,2.133333,2.125,2.132353,2.152778,2.144737,2.1375,2.119048,2.113636,2.11413,2.109375,2.115,2.110577,2.115741,2.120536,2.125,2.120833,2.116935,2.113281,2.109848,2.106618,2.103571,2.100694,2.111486,2.115132,2.11218,2.109375,2.106707,2.104167,2.107558,2.105114,2.102778,2.095109,2.087766,,,,,,,,,,,,,,,,,,,,,,,,,,,,,,,,,,,,,,,,,,,,,,,,,,,,,,,,,,,,,,,,,,,,,,,,,,,,,,,,,,,,,,,,,,,,,,,,,,,,,,,,,,,,,,,,,,,,,,,,,,,,,,,,,,,,,,,,,,,,,,,,,,,,,,,,,,,,,,,,,,,,,,,,,,,,,,,,,,,,,,,,,,,,
358,2.25,2,1.916667,2,2.05,2.083333,2.107143,2.09375,2.083333,2.075,2.090909,2.083333,2.096154,2.089286,2.1,2.109375,2.117647,2.125,2.131579,2.1375,2.142857,2.147727,2.152174,2.145833,2.14,2.134615,2.12963,2.133929,2.137931,2.141667,2.145161,2.148438,2.151515,2.154412,2.157143,2.159722,2.162162,2.171053,2.179487,2.1875,2.195122,2.202381,2.197675,2.193182,2.188889,2.190217,2.191489,,,,,,,,,,,,,,,,,,,,,,,,,,,,,,,,,,,,,,,,,,,,,,,,,,,,,,,,,,,,,,,,,,,,,,,,,,,,,,,,,,,,,,,,,,,,,,,,,,,,,,,,,,,,,,,,,,,,,,,,,,,,,,,,,,,,,,,,,,,,,,,,,,,,,,,,,,,,,,,,,,,,,,,,,,,,,,,,,,,,,,,,,,,,
339,1.75,1.875,1.916667,1.9375,1.95,1.958333,1.964286,1.9375,1.916667,1.9,1.886364,1.875,1.865385,1.857143,1.85,1.84375,1.838235,1.833333,1.828947,1.825,1.821429,1.818182,1.815217,1.8125,1.81,1.807692,1.805556,1.803571,1.801724,1.8,1.798387,1.796875,1.795455,1.794118,1.792857,1.791667,1.790541,1.789474,1.782051,1.775,1.768293,1.761905,1.75,1.747159,1.747222,1.741848,1.736702,,,,,,,,,,,,,,,,,,,,,,,,,,,,,,,,,,,,,,,,,,,,,,,,,,,,,,,,,,,,,,,,,,,,,,,,,,,,,,,,,,,,,,,,,,,,,,,,,,,,,,,,,,,,,,,,,,,,,,,,,,,,,,,,,,,,,,,,,,,,,,,,,,,,,,,,,,,,,,,,,,,,,,,,,,,,,,,,,,,,,,,,,,,,
240,2.25,2.3125,2.291667,2.40625,2.475,2.520833,2.553571,2.578125,2.569444,2.5625,2.556818,2.572917,2.586539,2.598214,2.608333,2.617188,2.625,2.631944,2.638158,2.64375,2.648809,2.653409,2.657609,2.661458,2.665,2.668269,2.671296,2.674107,2.676724,2.679167,2.681452,2.675781,2.662879,2.650735,2.639286,2.628472,2.631757,2.628289,2.605769,2.590625,2.57622,2.5625,2.549419,2.53125,2.513889,2.497283,2.481383,2.460938,,,,,,,,,,,,,,,,,,,,,,,,,,,,,,,,,,,,,,,,,,,,,,,,,,,,,,,,,,,,,,,,,,,,,,,,,,,,,,,,,,,,,,,,,,,,,,,,,,,,,,,,,,,,,,,,,,,,,,,,,,,,,,,,,,,,,,,,,,,,,,,,,,,,,,,,,,,,,,,,,,,,,,,,,,,,,,,,,,,,,,,,,,,
110,2.75,2.625,2.666667,2.625,2.55,2.541667,2.535714,2.5,2.472222,2.45,2.454545,2.4375,2.384615,2.366071,2.358333,2.335938,2.323529,2.319444,2.328947,2.31875,2.303571,2.301136,2.304348,2.291667,2.29,2.288461,2.287037,2.285714,2.275862,2.266667,2.258065,2.25,2.242424,2.242647,2.235714,2.229167,2.236486,2.243421,2.23718,2.23125,2.231707,2.244048,2.238372,2.232955,2.227778,2.222826,2.218085,2.213542,,,,,,,,,,,,,,,,,,,,,,,,,,,,,,,,,,,,,,,,,,,,,,,,,,,,,,,,,,,,,,,,,,,,,,,,,,,,,,,,,,,,,,,,,,,,,,,,,,,,,,,,,,,,,,,,,,,,,,,,,,,,,,,,,,,,,,,,,,,,,,,,,,,,,,,,,,,,,,,,,,,,,,,,,,,,,,,,,,,,,,,,,,,
356,1.75,2,2.083333,2.125,2.15,2.166667,2.178571,2.1875,2.194444,2.2,2.204545,2.208333,2.211539,2.214286,2.216667,2.21875,2.220588,2.222222,2.223684,2.225,2.226191,2.227273,2.228261,2.229167,2.23,2.230769,2.231482,2.232143,2.232759,2.233333,2.233871,2.234375,2.234848,2.235294,2.235714,2.236111,2.236486,2.236842,2.230769,2.2125,2.195122,2.178571,2.162791,2.147727,2.133333,2.119565,2.106383,2.09375,,,,,,,,,,,,,,,,,,,,,,,,,,,,,,,,,,,,,,,,,,,,,,,,,,,,,,,,,,,,,,,,,,,,,,,,,,,,,,,,,,,,,,,,,,,,,,,,,,,,,,,,,,,,,,,,,,,,,,,,,,,,,,,,,,,,,,,,,,,,,,,,,,,,,,,,,,,,,,,,,,,,,,,,,,,,,,,,,,,,,,,,,,,
130,2.25,2.1875,2.125,2.15625,2.175,2.229167,2.232143,2.234375,2.236111,2.2375,2.238636,2.239583,2.259615,2.258929,2.258333,2.257813,2.257353,2.243056,2.217105,2.20625,2.196429,2.210227,2.222826,2.223958,2.225,2.225961,2.226852,2.227679,2.228448,2.229167,2.237903,2.246094,2.253788,2.253676,2.253572,2.253472,2.253378,2.253289,2.246795,2.240625,2.228658,2.223214,2.206395,2.190341,2.175,2.160326,2.146277,2.127604,,,,,,,,,,,,,,,,,,,,,,,,,,,,,,,,,,,,,,,,,,,,,,,,,,,,,,,,,,,,,,,,,,,,,,,,,,,,,,,,,,,,,,,,,,,,,,,,,,,,,,,,,,,,,,,,,,,,,,,,,,,,,,,,,,,,,,,,,,,,,,,,,,,,,,,,,,,,,,,,,,,,,,,,,,,,,,,,,,,,,,,,,,,
297,2.25,2.125,2.166667,2.1875,2.2,2.208333,2.214286,2.21875,2.222222,2.2,2.181818,2.166667,2.153846,2.160714,2.166667,2.171875,2.176471,2.180556,2.184211,2.1875,2.190476,2.193182,2.195652,2.197917,2.2,2.201923,2.203704,2.205357,2.206897,2.208333,2.209677,2.210938,2.212121,2.213235,2.214286,2.208333,2.20946,2.213816,2.214744,2.221875,2.237805,2.244048,2.244186,2.244318,2.244444,2.23913,2.234043,2.229167,,,,,,,,,,,,,,,,,,,,,,,,,,,,,,,,,,,,,,,,,,,,,,,,,,,,,,,,,,,,,,,,,,,,,,,,,,,,,,,,,,,,,,,,,,,,,,,,,,,,,,,,,,,,,,,,,,,,,,,,,,,,,,,,,,,,,,,,,,,,,,,,,,,,,,,,,,,,,,,,,,,,,,,,,,,,,,,,,,,,,,,,,,,
239,2.25,2.3125,2.291667,2.34375,2.375,2.395833,2.410714,2.453125,2.486111,2.5125,2.534091,2.552083,2.567308,2.580357,2.591667,2.601563,2.610294,2.618056,2.625,2.63125,2.636905,2.642045,2.646739,2.651042,2.655,2.658654,2.662037,2.665179,2.668103,2.670833,2.673387,2.671875,2.659091,2.632353,2.610714,2.59375,2.591216,2.575658,2.554487,2.534375,2.521342,2.508929,2.497093,2.485795,2.475,2.464674,2.454787,2.445313,,,,,,,,,,,,,,,,,,,,,,,,,,,,,,,,,,,,,,,,,,,,,,,,,,,,,,,,,,,,,,,,,,,,,,,,,,,,,,,,,,,,,,,,,,,,,,,,,,,,,,,,,,,,,,,,,,,,,,,,,,,,,,,,,,,,,,,,,,,,,,,,,,,,,,,,,,,,,,,,,,,,,,,,,,,,,,,,,,,,,,,,,,,
220,2.25,2,1.833333,1.875,1.9,1.916667,1.928571,1.9375,1.944444,1.95,1.954545,1.958333,1.961538,1.964286,1.966667,1.96875,1.970588,1.972222,1.973684,1.975,1.97619,1.977273,1.978261,1.979167,1.98,1.980769,1.981481,1.982143,1.982759,1.983333,1.983871,1.992188,2,2.007353,2.014286,2.020833,2.027027,2.026316,2.025641,2.025,2.030488,2.035714,2.040698,2.042614,2.041667,2.040761,2.039894,2.033854,,,,,,,,,,,,,,,,,,,,,,,,,,,,,,,,,,,,,,,,,,,,,,,,,,,,,,,,,,,,,,,,,,,,,,,,,,,,,,,,,,,,,,,,,,,,,,,,,,,,,,,,,,,,,,,,,,,,,,,,,,,,,,,,,,,,,,,,,,,,,,,,,,,,,,,,,,,,,,,,,,,,,,,,,,,,,,,,,,,,,,,,,,,
348,2.25,2.375,2.333333,2.3125,2.3,2.291667,2.285714,2.28125,2.277778,2.275,2.272727,2.270833,2.269231,2.267857,2.266667,2.265625,2.264706,2.263889,2.263158,2.2625,2.261905,2.261364,2.26087,2.260417,2.26,2.259615,2.259259,2.258929,2.258621,2.258333,2.258065,2.257813,2.257576,2.25,2.25,2.25,2.25,2.25,2.25,2.25,2.25,2.25,2.244186,2.238636,2.233333,2.228261,2.223404,2.213542,,,,,,,,,,,,,,,,,,,,,,,,,,,,,,,,,,,,,,,,,,,,,,,,,,,,,,,,,,,,,,,,,,,,,,,,,,,,,,,,,,,,,,,,,,,,,,,,,,,,,,,,,,,,,,,,,,,,,,,,,,,,,,,,,,,,,,,,,,,,,,,,,,,,,,,,,,,,,,,,,,,,,,,,,,,,,,,,,,,,,,,,,,,
21,2,2,2,2,2,2,2,2,2,2,2,2,2,1.982143,1.966667,1.953125,1.941176,1.944444,1.934211,1.9375,1.940476,1.943182,1.945652,1.947917,1.95,1.951923,1.953704,1.955357,1.956897,1.958333,1.959677,1.960938,1.962121,1.963235,1.964286,1.965278,1.959459,1.960526,1.961538,1.9625,1.957317,1.946429,1.936046,1.926136,1.916667,1.907609,1.898936,1.890625,,,,,,,,,,,,,,,,,,,,,,,,,,,,,,,,,,,,,,,,,,,,,,,,,,,,,,,,,,,,,,,,,,,,,,,,,,,,,,,,,,,,,,,,,,,,,,,,,,,,,,,,,,,,,,,,,,,,,,,,,,,,,,,,,,,,,,,,,,,,,,,,,,,,,,,,,,,,,,,,,,,,,,,,,,,,,,,,,,,,,,,,,,,
246,2.75,2.75,2.75,2.6875,2.675,2.729167,2.767857,2.796875,2.819444,2.8375,2.852273,2.864583,2.875,2.883929,2.891667,2.898438,2.904412,2.909722,2.914474,2.91875,2.922619,2.926136,2.929348,2.932292,2.935,2.9375,2.939815,2.941964,2.943965,2.945833,2.947581,2.949219,2.950758,2.944853,2.935714,2.923611,2.925676,2.921053,2.910256,2.9,2.890244,2.880952,2.872093,2.863636,2.855556,2.847826,2.840425,2.833333,2.826531,,,,,,,,,,,,,,,,,,,,,,,,,,,,,,,,,,,,,,,,,,,,,,,,,,,,,,,,,,,,,,,,,,,,,,,,,,,,,,,,,,,,,,,,,,,,,,,,,,,,,,,,,,,,,,,,,,,,,,,,,,,,,,,,,,,,,,,,,,,,,,,,,,,,,,,,,,,,,,,,,,,,,,,,,,,,,,,,,,,,,,,,,,
254,2.25,2.5,2.5,2.5625,2.6,2.625,2.607143,2.625,2.638889,2.65,2.659091,2.645833,2.653846,2.660714,2.666667,2.671875,2.661765,2.666667,2.671053,2.675,2.678571,2.670455,2.673913,2.677083,2.68,2.682692,2.675926,2.678571,2.681035,2.683333,2.685484,2.679688,2.674242,2.676471,2.671429,2.659722,2.662162,2.657895,2.653846,2.65,2.646342,2.642857,2.639535,2.636364,2.633333,2.63587,2.635638,2.632813,2.635204,,,,,,,,,,,,,,,,,,,,,,,,,,,,,,,,,,,,,,,,,,,,,,,,,,,,,,,,,,,,,,,,,,,,,,,,,,,,,,,,,,,,,,,,,,,,,,,,,,,,,,,,,,,,,,,,,,,,,,,,,,,,,,,,,,,,,,,,,,,,,,,,,,,,,,,,,,,,,,,,,,,,,,,,,,,,,,,,,,,,,,,,,,
13,2.75,2.75,2.75,2.625,2.55,2.458333,2.428571,2.40625,2.388889,2.425,2.409091,2.375,2.346154,2.330357,2.325,2.304688,2.301471,2.298611,2.269737,2.26875,2.291667,2.3125,2.331522,2.348958,2.355,2.365385,2.37963,2.392857,2.396552,2.391667,2.387097,2.382813,2.378788,2.360294,2.35,2.347222,2.351351,2.355263,2.358974,2.3625,2.359756,2.351191,2.337209,2.323864,2.311111,2.298913,2.287234,2.276042,2.265306,,,,,,,,,,,,,,,,,,,,,,,,,,,,,,,,,,,,,,,,,,,,,,,,,,,,,,,,,,,,,,,,,,,,,,,,,,,,,,,,,,,,,,,,,,,,,,,,,,,,,,,,,,,,,,,,,,,,,,,,,,,,,,,,,,,,,,,,,,,,,,,,,,,,,,,,,,,,,,,,,,,,,,,,,,,,,,,,,,,,,,,,,,
83,2.25,2.125,2.166667,2.1875,2.2,2.208333,2.214286,2.21875,2.222222,2.225,2.227273,2.229167,2.211539,2.196429,2.183333,2.171875,2.176471,2.180556,2.171053,2.175,2.178571,2.181818,2.184783,2.1875,2.19,2.192308,2.194444,2.196429,2.198276,2.2,2.201613,2.203125,2.204545,2.205882,2.207143,2.201389,2.195946,2.197368,2.198718,2.2,2.20122,2.202381,2.203488,2.204545,2.205555,2.206522,2.207447,2.203125,2.19898,,,,,,,,,,,,,,,,,,,,,,,,,,,,,,,,,,,,,,,,,,,,,,,,,,,,,,,,,,,,,,,,,,,,,,,,,,,,,,,,,,,,,,,,,,,,,,,,,,,,,,,,,,,,,,,,,,,,,,,,,,,,,,,,,,,,,,,,,,,,,,,,,,,,,,,,,,,,,,,,,,,,,,,,,,,,,,,,,,,,,,,,,,
350,2.25,2.25,2.166667,2.125,2.1,2.083333,2.071429,2.0625,2.055556,2.05,2.045455,2.041667,2.038461,2.035714,2.033333,2.03125,2.029412,2.027778,2.026316,2.025,2.023809,2.022727,2.021739,2.020833,2.02,2.019231,2.018518,2.017857,2.017241,2.016667,2.016129,2.015625,2.015152,2.022059,2.028571,2.027778,2.033784,2.032895,2.032051,2.03125,2.02439,2.011905,2,1.988636,1.983333,1.978261,1.973404,1.963542,1.954082,,,,,,,,,,,,,,,,,,,,,,,,,,,,,,,,,,,,,,,,,,,,,,,,,,,,,,,,,,,,,,,,,,,,,,,,,,,,,,,,,,,,,,,,,,,,,,,,,,,,,,,,,,,,,,,,,,,,,,,,,,,,,,,,,,,,,,,,,,,,,,,,,,,,,,,,,,,,,,,,,,,,,,,,,,,,,,,,,,,,,,,,,,
186,2.25,2.375,2.333333,2.4375,2.5,2.541667,2.571429,2.59375,2.611111,2.625,2.636364,2.645833,2.653846,2.660714,2.666667,2.671875,2.676471,2.680556,2.684211,2.6875,2.690476,2.693182,2.695652,2.697917,2.7,2.701923,2.703704,2.696429,2.676724,2.645833,2.608871,2.574219,2.541667,2.525735,2.510714,2.503472,2.510135,2.503289,2.490385,2.484375,2.481707,2.482143,2.47093,2.460227,2.45,2.440217,2.430851,2.421875,2.418367,,,,,,,,,,,,,,,,,,,,,,,,,,,,,,,,,,,,,,,,,,,,,,,,,,,,,,,,,,,,,,,,,,,,,,,,,,,,,,,,,,,,,,,,,,,,,,,,,,,,,,,,,,,,,,,,,,,,,,,,,,,,,,,,,,,,,,,,,,,,,,,,,,,,,,,,,,,,,,,,,,,,,,,,,,,,,,,,,,,,,,,,,,
243,2.25,2.375,2.166667,2.1875,2.2,2.208333,2.214286,2.21875,2.222222,2.225,2.227273,2.229167,2.230769,2.232143,2.233333,2.234375,2.235294,2.236111,2.236842,2.2375,2.238095,2.238636,2.23913,2.239583,2.24,2.240385,2.240741,2.241071,2.241379,2.241667,2.241935,2.242188,2.242424,2.25,2.257143,2.263889,2.27027,2.269737,2.26282,2.2625,2.259146,2.252976,2.247093,2.241477,2.236111,2.230978,2.226064,2.221354,2.211735,2.1975,,,,,,,,,,,,,,,,,,,,,,,,,,,,,,,,,,,,,,,,,,,,,,,,,,,,,,,,,,,,,,,,,,,,,,,,,,,,,,,,,,,,,,,,,,,,,,,,,,,,,,,,,,,,,,,,,,,,,,,,,,,,,,,,,,,,,,,,,,,,,,,,,,,,,,,,,,,,,,,,,,,,,,,,,,,,,,,,,,,,,,,,,
173,2.25,2.25,2.25,2.25,2.25,2.291667,2.321429,2.375,2.416667,2.45,2.477273,2.5,2.519231,2.535714,2.55,2.5625,2.573529,2.583333,2.592105,2.6,2.607143,2.613636,2.619565,2.625,2.63,2.634615,2.638889,2.642857,2.646552,2.65,2.653226,2.65625,2.659091,2.661765,2.664286,2.666667,2.668919,2.671053,2.673077,2.675,2.676829,2.678571,2.680233,2.681818,2.683333,2.673913,2.662234,2.653646,2.640306,2.6275,,,,,,,,,,,,,,,,,,,,,,,,,,,,,,,,,,,,,,,,,,,,,,,,,,,,,,,,,,,,,,,,,,,,,,,,,,,,,,,,,,,,,,,,,,,,,,,,,,,,,,,,,,,,,,,,,,,,,,,,,,,,,,,,,,,,,,,,,,,,,,,,,,,,,,,,,,,,,,,,,,,,,,,,,,,,,,,,,,,,,,,,,
136,2,2.125,2.083333,2.1875,2.25,2.25,2.25,2.21875,2.194444,2.2,2.204545,2.208333,2.211539,2.232143,2.25,2.265625,2.279412,2.291667,2.302632,2.3125,2.321429,2.340909,2.358696,2.364583,2.37,2.375,2.37963,2.383929,2.387931,2.383333,2.370968,2.367188,2.363636,2.352941,2.342857,2.333333,2.324324,2.322368,2.326923,2.33125,2.329268,2.321429,2.313953,2.301136,2.288889,2.277174,2.265957,2.255208,2.25,2.2475,,,,,,,,,,,,,,,,,,,,,,,,,,,,,,,,,,,,,,,,,,,,,,,,,,,,,,,,,,,,,,,,,,,,,,,,,,,,,,,,,,,,,,,,,,,,,,,,,,,,,,,,,,,,,,,,,,,,,,,,,,,,,,,,,,,,,,,,,,,,,,,,,,,,,,,,,,,,,,,,,,,,,,,,,,,,,,,,,,,,,,,,,
14,2.75,2.75,2.75,2.625,2.55,2.5,2.535714,2.53125,2.5,2.525,2.545455,2.520833,2.519231,2.526786,2.541667,2.539063,2.551471,2.576389,2.559211,2.53125,2.505952,2.505682,2.516304,2.526042,2.525,2.528846,2.537037,2.544643,2.543103,2.533333,2.524194,2.515625,2.5,2.485294,2.475,2.46875,2.469594,2.476974,2.490385,2.490625,2.490854,2.491071,2.485465,2.480114,2.469445,2.459239,2.449468,2.440104,2.436224,2.4325,2.428921,,,,,,,,,,,,,,,,,,,,,,,,,,,,,,,,,,,,,,,,,,,,,,,,,,,,,,,,,,,,,,,,,,,,,,,,,,,,,,,,,,,,,,,,,,,,,,,,,,,,,,,,,,,,,,,,,,,,,,,,,,,,,,,,,,,,,,,,,,,,,,,,,,,,,,,,,,,,,,,,,,,,,,,,,,,,,,,,,,,,,,,,
97,2,2.0625,2.041667,2.09375,2.125,2.104167,2.089286,2.046875,2.013889,1.9875,1.965909,1.947917,1.951923,1.955357,1.941667,1.929688,1.933824,1.9375,1.940789,1.94375,1.946429,1.948864,1.940217,1.932292,1.925,1.918269,1.912037,1.90625,1.900862,1.904167,1.899194,1.894531,1.890152,1.886029,1.882143,1.878472,1.875,1.865132,1.849359,1.834375,1.820122,1.806548,1.793605,1.78125,1.769444,1.769022,1.768617,1.773438,1.778061,1.7825,1.786765,,,,,,,,,,,,,,,,,,,,,,,,,,,,,,,,,,,,,,,,,,,,,,,,,,,,,,,,,,,,,,,,,,,,,,,,,,,,,,,,,,,,,,,,,,,,,,,,,,,,,,,,,,,,,,,,,,,,,,,,,,,,,,,,,,,,,,,,,,,,,,,,,,,,,,,,,,,,,,,,,,,,,,,,,,,,,,,,,,,,,,,,
33,2.25,2.25,2.25,2.25,2.25,2.25,2.25,2.25,2.25,2.25,2.25,2.25,2.25,2.25,2.25,2.25,2.25,2.25,2.25,2.25,2.25,2.25,2.25,2.25,2.25,2.25,2.25,2.25,2.25,2.25,2.25,2.25,2.25,2.25,2.25,2.243056,2.236486,2.230263,2.217949,2.21875,2.207317,2.190476,2.174419,2.159091,2.144444,2.125,2.106383,2.09375,2.081633,2.07,2.058824,,,,,,,,,,,,,,,,,,,,,,,,,,,,,,,,,,,,,,,,,,,,,,,,,,,,,,,,,,,,,,,,,,,,,,,,,,,,,,,,,,,,,,,,,,,,,,,,,,,,,,,,,,,,,,,,,,,,,,,,,,,,,,,,,,,,,,,,,,,,,,,,,,,,,,,,,,,,,,,,,,,,,,,,,,,,,,,,,,,,,,,,
102,2.5,2.625,2.583333,2.5625,2.5,2.458333,2.428571,2.40625,2.388889,2.4,2.386364,2.375,2.365385,2.375,2.366667,2.359375,2.352941,2.347222,2.342105,2.3375,2.333333,2.329545,2.326087,2.322917,2.32,2.317308,2.314815,2.3125,2.310345,2.308333,2.306452,2.304688,2.30303,2.301471,2.3,2.298611,2.304054,2.309211,2.307692,2.30625,2.304878,2.303571,2.302325,2.301136,2.3,2.298913,2.297872,2.302083,2.306123,2.31,2.313725,2.317308,,,,,,,,,,,,,,,,,,,,,,,,,,,,,,,,,,,,,,,,,,,,,,,,,,,,,,,,,,,,,,,,,,,,,,,,,,,,,,,,,,,,,,,,,,,,,,,,,,,,,,,,,,,,,,,,,,,,,,,,,,,,,,,,,,,,,,,,,,,,,,,,,,,,,,,,,,,,,,,,,,,,,,,,,,,,,,,,,,,,,,,
333,2.25,2.4375,2.458333,2.34375,2.275,2.229167,2.267857,2.265625,2.208333,2.1625,2.125,2.114583,2.125,2.160714,2.2,2.21875,2.25,2.291667,2.302632,2.3125,2.321429,2.352273,2.369565,2.375,2.39,2.403846,2.416667,2.419643,2.422414,2.425,2.427419,2.429688,2.431818,2.433824,2.428571,2.409722,2.405406,2.407895,2.403846,2.4,2.390244,2.386905,2.383721,2.383523,2.386111,2.383152,2.380319,2.377604,2.385204,2.385,2.387255,2.389423,2.386792,,,,,,,,,,,,,,,,,,,,,,,,,,,,,,,,,,,,,,,,,,,,,,,,,,,,,,,,,,,,,,,,,,,,,,,,,,,,,,,,,,,,,,,,,,,,,,,,,,,,,,,,,,,,,,,,,,,,,,,,,,,,,,,,,,,,,,,,,,,,,,,,,,,,,,,,,,,,,,,,,,,,,,,,,,,,,,,,,,,,,,
299,2.25,2.5,2.5,2.5,2.5,2.5,2.5,2.53125,2.555556,2.575,2.590909,2.604167,2.596154,2.589286,2.583333,2.578125,2.573529,2.569444,2.565789,2.5625,2.559524,2.556818,2.554348,2.5625,2.56,2.567308,2.574074,2.580357,2.586207,2.591667,2.596774,2.59375,2.598485,2.595588,2.592857,2.597222,2.601351,2.598684,2.602564,2.60625,2.609756,2.607143,2.610465,2.613636,2.616667,2.619565,2.617021,2.598958,2.581633,2.565,2.553921,2.543269,2.533019,,,,,,,,,,,,,,,,,,,,,,,,,,,,,,,,,,,,,,,,,,,,,,,,,,,,,,,,,,,,,,,,,,,,,,,,,,,,,,,,,,,,,,,,,,,,,,,,,,,,,,,,,,,,,,,,,,,,,,,,,,,,,,,,,,,,,,,,,,,,,,,,,,,,,,,,,,,,,,,,,,,,,,,,,,,,,,,,,,,,,,
23,2.25,2.25,2.25,2.25,2.25,2.25,2.25,2.25,2.25,2.25,2.25,2.25,2.230769,2.214286,2.2,2.203125,2.205882,2.208333,2.223684,2.225,2.226191,2.227273,2.23913,2.239583,2.24,2.240385,2.240741,2.241071,2.241379,2.241667,2.241935,2.242188,2.242424,2.242647,2.242857,2.243056,2.243243,2.243421,2.24359,2.24375,2.243902,2.244048,2.244186,2.241477,2.236111,2.230978,2.220745,2.216146,2.211735,2.2075,2.198529,2.189904,2.186321,2.1875,,,,,,,,,,,,,,,,,,,,,,,,,,,,,,,,,,,,,,,,,,,,,,,,,,,,,,,,,,,,,,,,,,,,,,,,,,,,,,,,,,,,,,,,,,,,,,,,,,,,,,,,,,,,,,,,,,,,,,,,,,,,,,,,,,,,,,,,,,,,,,,,,,,,,,,,,,,,,,,,,,,,,,,,,,,,,,,,,,,,,
265,2,2,1.916667,1.9375,1.95,1.958333,1.964286,1.96875,1.972222,1.975,1.977273,1.979167,1.980769,1.982143,1.983333,1.984375,1.985294,1.986111,1.986842,1.9875,2,2.022727,2.021739,2.020833,2.02,2.019231,2.018518,2.017857,2.017241,2.016667,2.016129,2.015625,2.015152,2.014706,2.014286,2.020833,2.02027,2.026316,2.032051,2.0375,2.042683,2.041667,2.040698,2.051136,2.066667,2.065217,2.06383,2.0625,2.066327,2.07,2.073529,2.076923,2.080189,2.078704,,,,,,,,,,,,,,,,,,,,,,,,,,,,,,,,,,,,,,,,,,,,,,,,,,,,,,,,,,,,,,,,,,,,,,,,,,,,,,,,,,,,,,,,,,,,,,,,,,,,,,,,,,,,,,,,,,,,,,,,,,,,,,,,,,,,,,,,,,,,,,,,,,,,,,,,,,,,,,,,,,,,,,,,,,,,,,,,,,,,,
100,3,3,3,2.875,2.8,2.75,2.75,2.734375,2.708333,2.6875,2.670455,2.65625,2.605769,2.589286,2.6,2.59375,2.602941,2.625,2.618421,2.6125,2.607143,2.613636,2.61413,2.609375,2.605,2.600961,2.587963,2.575893,2.564655,2.554167,2.560484,2.558594,2.549242,2.547794,2.553571,2.565972,2.577703,2.588816,2.599359,2.609375,2.618902,2.627976,2.636628,2.644886,2.652778,2.660326,2.667553,2.674479,2.681123,2.6875,2.693627,2.699519,2.70283,2.703704,2.7,,,,,,,,,,,,,,,,,,,,,,,,,,,,,,,,,,,,,,,,,,,,,,,,,,,,,,,,,,,,,,,,,,,,,,,,,,,,,,,,,,,,,,,,,,,,,,,,,,,,,,,,,,,,,,,,,,,,,,,,,,,,,,,,,,,,,,,,,,,,,,,,,,,,,,,,,,,,,,,,,,,,,,,,,,,,,,,,,,,,
52,2.25,2.125,2,2.0625,2.1,2.125,2.142857,2.15625,2.166667,2.175,2.181818,2.1875,2.192308,2.196429,2.2,2.21875,2.235294,2.263889,2.289474,2.3125,2.333333,2.352273,2.369565,2.385417,2.4,2.413461,2.425926,2.4375,2.448276,2.458333,2.467742,2.476563,2.477273,2.485294,2.492857,2.5,2.506757,2.513158,2.519231,2.525,2.530488,2.535714,2.540698,2.545455,2.55,2.554348,2.558511,2.5625,2.566327,2.57,2.568627,2.567308,2.568396,2.571759,2.570455,,,,,,,,,,,,,,,,,,,,,,,,,,,,,,,,,,,,,,,,,,,,,,,,,,,,,,,,,,,,,,,,,,,,,,,,,,,,,,,,,,,,,,,,,,,,,,,,,,,,,,,,,,,,,,,,,,,,,,,,,,,,,,,,,,,,,,,,,,,,,,,,,,,,,,,,,,,,,,,,,,,,,,,,,,,,,,,,,,,,
318,2.25,2.1875,2.125,2.15625,2.175,2.1875,2.196429,2.234375,2.263889,2.2875,2.306818,2.322917,2.355769,2.383929,2.391667,2.414063,2.419118,2.423611,2.427632,2.44375,2.446429,2.448864,2.440217,2.432292,2.425,2.418269,2.412037,2.415179,2.418103,2.4125,2.415323,2.417969,2.420455,2.422794,2.425,2.434028,2.442568,2.450658,2.458333,2.465625,2.472561,2.479167,2.485465,2.477273,2.472222,2.467391,2.460106,2.450521,2.441327,2.4375,2.433824,2.430289,2.426887,2.423611,2.420455,,,,,,,,,,,,,,,,,,,,,,,,,,,,,,,,,,,,,,,,,,,,,,,,,,,,,,,,,,,,,,,,,,,,,,,,,,,,,,,,,,,,,,,,,,,,,,,,,,,,,,,,,,,,,,,,,,,,,,,,,,,,,,,,,,,,,,,,,,,,,,,,,,,,,,,,,,,,,,,,,,,,,,,,,,,,,,,,,,,,
185,2.25,2.3125,2.291667,2.34375,2.375,2.395833,2.410714,2.421875,2.430556,2.4375,2.443182,2.447917,2.451923,2.455357,2.458333,2.460938,2.463235,2.451389,2.440789,2.44375,2.446429,2.448864,2.440217,2.432292,2.435,2.4375,2.430556,2.424107,2.418103,2.4125,2.407258,2.402344,2.397727,2.393382,2.389286,2.385417,2.381757,2.378289,2.375,2.365625,2.359756,2.357143,2.348837,2.340909,2.333333,2.326087,2.324468,2.322917,2.321429,2.32,2.318627,2.3125,2.306604,2.305556,2.304545,2.305804,,,,,,,,,,,,,,,,,,,,,,,,,,,,,,,,,,,,,,,,,,,,,,,,,,,,,,,,,,,,,,,,,,,,,,,,,,,,,,,,,,,,,,,,,,,,,,,,,,,,,,,,,,,,,,,,,,,,,,,,,,,,,,,,,,,,,,,,,,,,,,,,,,,,,,,,,,,,,,,,,,,,,,,,,,,,,,,,,,,
196,2.25,2.1875,2.208333,2.34375,2.425,2.479167,2.517857,2.546875,2.569444,2.5875,2.602273,2.614583,2.625,2.633929,2.641667,2.648438,2.654412,2.659722,2.664474,2.66875,2.672619,2.676136,2.679348,2.682292,2.685,2.6875,2.689815,2.691964,2.689655,2.675,2.669355,2.65625,2.643939,2.625,2.617857,2.607639,2.60473,2.601974,2.592949,2.578125,2.564024,2.550595,2.526163,2.514205,2.502778,2.491848,2.481383,2.476563,2.471939,2.4675,2.463235,2.459135,2.455189,2.451389,2.447727,2.441964,,,,,,,,,,,,,,,,,,,,,,,,,,,,,,,,,,,,,,,,,,,,,,,,,,,,,,,,,,,,,,,,,,,,,,,,,,,,,,,,,,,,,,,,,,,,,,,,,,,,,,,,,,,,,,,,,,,,,,,,,,,,,,,,,,,,,,,,,,,,,,,,,,,,,,,,,,,,,,,,,,,,,,,,,,,,,,,,,,,
290,2.25,2.25,2.25,2.25,2.25,2.25,2.25,2.28125,2.305556,2.325,2.340909,2.354167,2.346154,2.339286,2.333333,2.328125,2.323529,2.333333,2.342105,2.3375,2.333333,2.329545,2.336957,2.34375,2.35,2.346154,2.351852,2.357143,2.362069,2.366667,2.370968,2.375,2.378788,2.382353,2.378572,2.375,2.371622,2.368421,2.365385,2.3625,2.359756,2.357143,2.354651,2.352273,2.35,2.353261,2.345745,2.333333,2.321429,2.315,2.308824,2.298077,2.287736,2.277778,2.268182,2.258929,,,,,,,,,,,,,,,,,,,,,,,,,,,,,,,,,,,,,,,,,,,,,,,,,,,,,,,,,,,,,,,,,,,,,,,,,,,,,,,,,,,,,,,,,,,,,,,,,,,,,,,,,,,,,,,,,,,,,,,,,,,,,,,,,,,,,,,,,,,,,,,,,,,,,,,,,,,,,,,,,,,,,,,,,,,,,,,,,,,
9,2.5,2.5,2.5,2.5625,2.6,2.625,2.642857,2.65625,2.666667,2.675,2.659091,2.625,2.576923,2.5625,2.558333,2.554688,2.566176,2.590278,2.572368,2.56875,2.565476,2.585227,2.592391,2.578125,2.585,2.591346,2.587963,2.575893,2.560345,2.55,2.540323,2.539063,2.530303,2.522059,2.514286,2.506944,2.5,2.490132,2.477564,2.471875,2.472561,2.473214,2.485465,2.494318,2.494444,2.5,2.49734,2.481771,2.477041,2.4625,2.448529,2.435096,2.42217,2.409722,2.397727,2.388393,2.381579,,,,,,,,,,,,,,,,,,,,,,,,,,,,,,,,,,,,,,,,,,,,,,,,,,,,,,,,,,,,,,,,,,,,,,,,,,,,,,,,,,,,,,,,,,,,,,,,,,,,,,,,,,,,,,,,,,,,,,,,,,,,,,,,,,,,,,,,,,,,,,,,,,,,,,,,,,,,,,,,,,,,,,,,,,,,,,,,,,
39,1.75,1.75,1.833333,1.875,1.9,1.916667,1.928571,1.9375,1.944444,1.95,1.954545,1.958333,1.961538,1.964286,1.966667,1.96875,1.970588,1.972222,1.973684,1.975,1.97619,1.977273,1.978261,1.979167,1.98,1.980769,1.981481,1.982143,1.982759,1.983333,1.983871,1.984375,1.984848,1.985294,1.985714,1.986111,1.986486,1.986842,1.98718,1.9875,1.987805,1.988095,1.988372,1.988636,1.988889,1.98913,1.989362,1.989583,1.989796,1.9875,1.982843,1.978365,1.974057,1.965278,1.956818,1.948661,1.940789,,,,,,,,,,,,,,,,,,,,,,,,,,,,,,,,,,,,,,,,,,,,,,,,,,,,,,,,,,,,,,,,,,,,,,,,,,,,,,,,,,,,,,,,,,,,,,,,,,,,,,,,,,,,,,,,,,,,,,,,,,,,,,,,,,,,,,,,,,,,,,,,,,,,,,,,,,,,,,,,,,,,,,,,,,,,,,,,,,
146,2,1.875,1.75,1.8125,1.85,1.916667,1.928571,1.96875,1.972222,2,2,2,2,2,2,2,2,2,2,2,2,2,2,2,2,2,2,1.991071,1.982759,1.975,1.967742,1.960938,1.954545,1.948529,1.942857,1.944444,1.945946,1.940789,1.935897,1.93125,1.926829,1.922619,1.918605,1.914773,1.911111,1.907609,1.904255,1.901042,1.897959,1.895,1.892157,1.889423,1.889151,1.886574,1.879545,1.881696,1.883772,1.885776,,,,,,,,,,,,,,,,,,,,,,,,,,,,,,,,,,,,,,,,,,,,,,,,,,,,,,,,,,,,,,,,,,,,,,,,,,,,,,,,,,,,,,,,,,,,,,,,,,,,,,,,,,,,,,,,,,,,,,,,,,,,,,,,,,,,,,,,,,,,,,,,,,,,,,,,,,,,,,,,,,,,,,,,,,,,,,,,,
154,2.25,2.25,2.333333,2.4375,2.475,2.520833,2.553571,2.578125,2.597222,2.6125,2.579545,2.53125,2.509615,2.508929,2.491667,2.476563,2.492647,2.493056,2.467105,2.44375,2.422619,2.403409,2.369565,2.333333,2.32,2.307692,2.287037,2.267857,2.258621,2.25,2.233871,2.21875,2.204545,2.191176,2.178571,2.173611,2.182432,2.184211,2.179487,2.175,2.170732,2.166667,2.162791,2.159091,2.155555,2.152174,2.148936,2.151042,2.147959,2.14,2.137255,2.134615,2.132076,2.12963,2.127273,2.120536,2.118421,2.116379,,,,,,,,,,,,,,,,,,,,,,,,,,,,,,,,,,,,,,,,,,,,,,,,,,,,,,,,,,,,,,,,,,,,,,,,,,,,,,,,,,,,,,,,,,,,,,,,,,,,,,,,,,,,,,,,,,,,,,,,,,,,,,,,,,,,,,,,,,,,,,,,,,,,,,,,,,,,,,,,,,,,,,,,,,,,,,,,,
183,1.75,1.875,1.833333,1.9375,2,2.041667,2.071429,2.09375,2.111111,2.125,2.136364,2.145833,2.153846,2.160714,2.166667,2.171875,2.176471,2.180556,2.184211,2.1875,2.190476,2.193182,2.195652,2.197917,2.2,2.201923,2.203704,2.205357,2.206897,2.208333,2.209677,2.210938,2.212121,2.213235,2.214286,2.215278,2.216216,2.210526,2.198718,2.175,2.155488,2.133929,2.119186,2.105114,2.091667,2.078804,2.066489,2.059896,2.058673,2.05,2.044118,2.038461,2.033019,2.027778,2.027273,2.024554,2.024123,2.019397,,,,,,,,,,,,,,,,,,,,,,,,,,,,,,,,,,,,,,,,,,,,,,,,,,,,,,,,,,,,,,,,,,,,,,,,,,,,,,,,,,,,,,,,,,,,,,,,,,,,,,,,,,,,,,,,,,,,,,,,,,,,,,,,,,,,,,,,,,,,,,,,,,,,,,,,,,,,,,,,,,,,,,,,,,,,,,,,,
303,2.25,2.375,2.416667,2.4375,2.45,2.458333,2.464286,2.4375,2.416667,2.4,2.386364,2.375,2.365385,2.357143,2.366667,2.375,2.367647,2.375,2.381579,2.3875,2.380952,2.375,2.380435,2.385417,2.38,2.375,2.37037,2.375,2.37069,2.375,2.370968,2.367188,2.363636,2.360294,2.357143,2.354167,2.351351,2.348684,2.346154,2.35,2.353658,2.357143,2.354651,2.352273,2.35,2.347826,2.345745,2.34375,2.341837,2.34,2.338235,2.336539,2.332547,2.335648,2.338636,2.341518,2.344298,2.342672,2.341102,,,,,,,,,,,,,,,,,,,,,,,,,,,,,,,,,,,,,,,,,,,,,,,,,,,,,,,,,,,,,,,,,,,,,,,,,,,,,,,,,,,,,,,,,,,,,,,,,,,,,,,,,,,,,,,,,,,,,,,,,,,,,,,,,,,,,,,,,,,,,,,,,,,,,,,,,,,,,,,,,,,,,,,,,,,,,,,,
347,2.25,2.3125,2.208333,2.28125,2.325,2.354167,2.375,2.359375,2.347222,2.3375,2.329545,2.322917,2.317308,2.3125,2.325,2.320313,2.316176,2.3125,2.309211,2.30625,2.303571,2.301136,2.298913,2.296875,2.295,2.293269,2.291667,2.290179,2.288793,2.2875,2.28629,2.285156,2.284091,2.283088,2.282143,2.28125,2.280406,2.279605,2.278846,2.278125,2.277439,2.276786,2.276163,2.275568,2.275,2.269022,2.263298,2.257813,2.252551,2.2525,2.247549,2.242789,2.238208,2.233796,2.229545,2.225446,2.221491,2.217672,2.213983,,,,,,,,,,,,,,,,,,,,,,,,,,,,,,,,,,,,,,,,,,,,,,,,,,,,,,,,,,,,,,,,,,,,,,,,,,,,,,,,,,,,,,,,,,,,,,,,,,,,,,,,,,,,,,,,,,,,,,,,,,,,,,,,,,,,,,,,,,,,,,,,,,,,,,,,,,,,,,,,,,,,,,,,,,,,,,,,
335,2.25,2.375,2.333333,2.375,2.4,2.375,2.357143,2.375,2.388889,2.4,2.409091,2.416667,2.423077,2.428571,2.45,2.46875,2.485294,2.486111,2.5,2.5,2.5,2.5,2.5,2.510417,2.52,2.528846,2.537037,2.544643,2.551724,2.558333,2.564516,2.570313,2.568182,2.573529,2.578571,2.583333,2.587838,2.592105,2.596154,2.6,2.603658,2.607143,2.610465,2.613636,2.616667,2.619565,2.62234,2.625,2.622449,2.6225,2.620098,2.617789,2.615566,2.613426,2.611364,2.611607,2.614035,2.616379,2.616525,,,,,,,,,,,,,,,,,,,,,,,,,,,,,,,,,,,,,,,,,,,,,,,,,,,,,,,,,,,,,,,,,,,,,,,,,,,,,,,,,,,,,,,,,,,,,,,,,,,,,,,,,,,,,,,,,,,,,,,,,,,,,,,,,,,,,,,,,,,,,,,,,,,,,,,,,,,,,,,,,,,,,,,,,,,,,,,,
349,2.25,2.25,2.25,2.25,2.25,2.25,2.25,2.25,2.25,2.25,2.25,2.25,2.25,2.25,2.25,2.25,2.25,2.25,2.25,2.25,2.25,2.25,2.25,2.25,2.25,2.25,2.25,2.25,2.25,2.25,2.25,2.25,2.25,2.25,2.25,2.243056,2.243243,2.243421,2.24359,2.24375,2.243902,2.244048,2.238372,2.232955,2.227778,2.222826,2.218085,2.213542,2.204082,2.1975,2.198529,2.194711,2.191038,2.1875,2.184091,2.183036,2.184211,2.176724,2.169492,,,,,,,,,,,,,,,,,,,,,,,,,,,,,,,,,,,,,,,,,,,,,,,,,,,,,,,,,,,,,,,,,,,,,,,,,,,,,,,,,,,,,,,,,,,,,,,,,,,,,,,,,,,,,,,,,,,,,,,,,,,,,,,,,,,,,,,,,,,,,,,,,,,,,,,,,,,,,,,,,,,,,,,,,,,,,,,,
64,2,1.9375,1.875,1.90625,1.925,1.9375,1.946429,1.953125,1.958333,1.9625,1.965909,1.96875,1.971154,1.973214,1.975,1.976563,1.977941,1.979167,1.980263,1.98125,1.982143,1.982955,1.983696,1.984375,1.985,1.985577,1.986111,1.986607,1.987069,1.9875,1.987903,1.988281,1.988636,1.988971,1.989286,1.989583,1.996622,2.009868,2.022436,2.034375,2.045732,2.050595,2.049419,2.045455,2.044445,2.038043,2.037234,2.036458,2.02551,2.02,2.014706,2.014423,2.014151,2.009259,2.009091,2.006696,2.002193,1.997845,1.993644,,,,,,,,,,,,,,,,,,,,,,,,,,,,,,,,,,,,,,,,,,,,,,,,,,,,,,,,,,,,,,,,,,,,,,,,,,,,,,,,,,,,,,,,,,,,,,,,,,,,,,,,,,,,,,,,,,,,,,,,,,,,,,,,,,,,,,,,,,,,,,,,,,,,,,,,,,,,,,,,,,,,,,,,,,,,,,,,
63,2.25,2.1875,2.125,2.15625,2.175,2.1875,2.196429,2.203125,2.208333,2.2125,2.215909,2.21875,2.221154,2.223214,2.225,2.226563,2.227941,2.229167,2.230263,2.23125,2.232143,2.232955,2.233696,2.234375,2.235,2.235577,2.236111,2.236607,2.237069,2.2375,2.237903,2.238281,2.238636,2.238971,2.239286,2.232639,2.226351,2.226974,2.214744,2.203125,2.192073,2.181548,2.171512,2.161932,2.152778,2.144022,2.135638,2.127604,2.119898,2.1125,2.105392,2.098558,2.087264,2.076389,2.065909,2.058036,2.048246,2.038793,2.03178,,,,,,,,,,,,,,,,,,,,,,,,,,,,,,,,,,,,,,,,,,,,,,,,,,,,,,,,,,,,,,,,,,,,,,,,,,,,,,,,,,,,,,,,,,,,,,,,,,,,,,,,,,,,,,,,,,,,,,,,,,,,,,,,,,,,,,,,,,,,,,,,,,,,,,,,,,,,,,,,,,,,,,,,,,,,,,,,
314,2.25,2.1875,2.125,2.15625,2.175,2.1875,2.196429,2.203125,2.236111,2.2375,2.238636,2.239583,2.240385,2.241071,2.241667,2.242188,2.242647,2.243056,2.243421,2.24375,2.244048,2.244318,2.244565,2.244792,2.245,2.245192,2.24537,2.245536,2.24569,2.245833,2.245968,2.246094,2.246212,2.246324,2.246428,2.246528,2.246622,2.246711,2.246795,2.240625,2.234756,2.223214,2.212209,2.201705,2.202778,2.19837,2.194149,2.190104,2.191327,2.1875,2.183824,2.180289,2.176887,2.178241,2.175,2.171875,2.16886,2.165948,2.163136,2.160417,,,,,,,,,,,,,,,,,,,,,,,,,,,,,,,,,,,,,,,,,,,,,,,,,,,,,,,,,,,,,,,,,,,,,,,,,,,,,,,,,,,,,,,,,,,,,,,,,,,,,,,,,,,,,,,,,,,,,,,,,,,,,,,,,,,,,,,,,,,,,,,,,,,,,,,,,,,,,,,,,,,,,,,,,,,,,,,
294,2.25,2.25,2.25,2.3125,2.35,2.375,2.357143,2.375,2.361111,2.35,2.340909,2.333333,2.326923,2.321429,2.316667,2.3125,2.308824,2.305556,2.302632,2.3,2.309524,2.318182,2.315217,2.3125,2.31,2.307692,2.305556,2.303571,2.301724,2.308333,2.306452,2.3125,2.318182,2.316176,2.321429,2.326389,2.331081,2.328947,2.326923,2.33125,2.335366,2.339286,2.337209,2.335227,2.333333,2.331522,2.335106,2.338542,2.341837,2.35,2.357843,2.365385,2.370283,2.368056,2.365909,2.363839,2.361842,2.359914,2.358051,2.35625,,,,,,,,,,,,,,,,,,,,,,,,,,,,,,,,,,,,,,,,,,,,,,,,,,,,,,,,,,,,,,,,,,,,,,,,,,,,,,,,,,,,,,,,,,,,,,,,,,,,,,,,,,,,,,,,,,,,,,,,,,,,,,,,,,,,,,,,,,,,,,,,,,,,,,,,,,,,,,,,,,,,,,,,,,,,,,,
105,2.5,2.5,2.5,2.4375,2.4,2.375,2.357143,2.375,2.388889,2.4,2.409091,2.395833,2.403846,2.392857,2.4,2.40625,2.411765,2.416667,2.421053,2.425,2.416667,2.420455,2.434783,2.447917,2.46,2.471154,2.481482,2.491071,2.5,2.508333,2.516129,2.523438,2.530303,2.536765,2.542857,2.548611,2.554054,2.559211,2.564103,2.56875,2.573171,2.577381,2.581395,2.585227,2.588889,2.592391,2.595745,2.598958,2.602041,2.6,2.593137,2.586539,2.580189,2.574074,2.568182,2.5625,2.557018,2.551724,2.54661,2.541667,,,,,,,,,,,,,,,,,,,,,,,,,,,,,,,,,,,,,,,,,,,,,,,,,,,,,,,,,,,,,,,,,,,,,,,,,,,,,,,,,,,,,,,,,,,,,,,,,,,,,,,,,,,,,,,,,,,,,,,,,,,,,,,,,,,,,,,,,,,,,,,,,,,,,,,,,,,,,,,,,,,,,,,,,,,,,,,
56,2.75,2.75,2.75,2.75,2.75,2.75,2.75,2.75,2.722222,2.725,2.727273,2.729167,2.730769,2.732143,2.733333,2.734375,2.735294,2.736111,2.736842,2.7375,2.738095,2.738636,2.73913,2.739583,2.74,2.740385,2.740741,2.741071,2.741379,2.741667,2.741935,2.742188,2.742424,2.742647,2.742857,2.743056,2.743243,2.743421,2.74359,2.74375,2.743902,2.744048,2.744186,2.744318,2.738889,2.728261,2.718085,2.697917,2.683673,2.665,2.647059,2.629808,2.622642,2.62037,2.609091,2.600446,2.594298,2.584052,2.574152,2.560417,,,,,,,,,,,,,,,,,,,,,,,,,,,,,,,,,,,,,,,,,,,,,,,,,,,,,,,,,,,,,,,,,,,,,,,,,,,,,,,,,,,,,,,,,,,,,,,,,,,,,,,,,,,,,,,,,,,,,,,,,,,,,,,,,,,,,,,,,,,,,,,,,,,,,,,,,,,,,,,,,,,,,,,,,,,,,,,
312,2.25,2.25,2.333333,2.375,2.4,2.416667,2.392857,2.375,2.361111,2.35,2.340909,2.333333,2.326923,2.321429,2.3,2.28125,2.264706,2.263889,2.263158,2.2625,2.273809,2.284091,2.282609,2.28125,2.28,2.288461,2.287037,2.276786,2.275862,2.283333,2.290323,2.296875,2.287879,2.279412,2.278571,2.270833,2.27027,2.269737,2.269231,2.26875,2.27439,2.279762,2.27907,2.278409,2.277778,2.277174,2.276596,2.28125,2.280612,2.28,2.284314,2.288461,2.292453,2.296296,2.295455,2.299107,2.302632,2.297414,2.29661,2.295833,,,,,,,,,,,,,,,,,,,,,,,,,,,,,,,,,,,,,,,,,,,,,,,,,,,,,,,,,,,,,,,,,,,,,,,,,,,,,,,,,,,,,,,,,,,,,,,,,,,,,,,,,,,,,,,,,,,,,,,,,,,,,,,,,,,,,,,,,,,,,,,,,,,,,,,,,,,,,,,,,,,,,,,,,,,,,,,
101,2.5,2.375,2.416667,2.4375,2.45,2.458333,2.5,2.53125,2.555556,2.575,2.590909,2.604167,2.557692,2.535714,2.533333,2.53125,2.529412,2.527778,2.526316,2.525,2.523809,2.522727,2.521739,2.520833,2.52,2.519231,2.518518,2.517857,2.517241,2.516667,2.516129,2.515625,2.515152,2.514706,2.514286,2.513889,2.513514,2.519737,2.525641,2.53125,2.536585,2.541667,2.546512,2.551136,2.555556,2.559783,2.56383,2.567708,2.571429,2.575,2.568627,2.552885,2.54717,2.546296,2.55,2.551339,2.550439,2.549569,2.544492,2.539583,2.534836,,,,,,,,,,,,,,,,,,,,,,,,,,,,,,,,,,,,,,,,,,,,,,,,,,,,,,,,,,,,,,,,,,,,,,,,,,,,,,,,,,,,,,,,,,,,,,,,,,,,,,,,,,,,,,,,,,,,,,,,,,,,,,,,,,,,,,,,,,,,,,,,,,,,,,,,,,,,,,,,,,,,,,,,,,,,,,
25,2.25,2.1875,2.125,2.15625,2.175,2.1875,2.196429,2.203125,2.208333,2.2125,2.215909,2.21875,2.201923,2.223214,2.258333,2.289063,2.316176,2.340278,2.348684,2.36875,2.386905,2.403409,2.418478,2.432292,2.445,2.456731,2.467592,2.477679,2.487069,2.495833,2.504032,2.511719,2.518939,2.525735,2.532143,2.538194,2.543919,2.549342,2.554487,2.559375,2.567073,2.571429,2.55814,2.545455,2.533333,2.516304,2.5,2.484375,2.47449,2.47,2.470588,2.461539,2.455189,2.451389,2.452273,2.455357,2.451754,2.443965,2.436441,2.429167,2.422131,,,,,,,,,,,,,,,,,,,,,,,,,,,,,,,,,,,,,,,,,,,,,,,,,,,,,,,,,,,,,,,,,,,,,,,,,,,,,,,,,,,,,,,,,,,,,,,,,,,,,,,,,,,,,,,,,,,,,,,,,,,,,,,,,,,,,,,,,,,,,,,,,,,,,,,,,,,,,,,,,,,,,,,,,,,,,,
352,2.25,2.25,2.25,2.1875,2.15,2.125,2.107143,2.125,2.138889,2.15,2.159091,2.166667,2.173077,2.178571,2.166667,2.15625,2.147059,2.138889,2.131579,2.125,2.119048,2.113636,2.108696,2.104167,2.1,2.096154,2.092592,2.089286,2.086207,2.083333,2.080645,2.078125,2.075758,2.080882,2.078571,2.076389,2.081081,2.085526,2.089744,2.0875,2.085366,2.083333,2.081395,2.079545,2.077778,2.076087,2.074468,2.072917,2.076531,2.08,2.083333,2.086539,2.087264,2.085648,2.088636,2.091518,2.094298,2.092672,2.095339,2.097917,2.10041,,,,,,,,,,,,,,,,,,,,,,,,,,,,,,,,,,,,,,,,,,,,,,,,,,,,,,,,,,,,,,,,,,,,,,,,,,,,,,,,,,,,,,,,,,,,,,,,,,,,,,,,,,,,,,,,,,,,,,,,,,,,,,,,,,,,,,,,,,,,,,,,,,,,,,,,,,,,,,,,,,,,,,,,,,,,,,
126,2.75,2.875,2.916667,2.875,2.825,2.729167,2.660714,2.609375,2.597222,2.5375,2.522727,2.5,2.480769,2.491071,2.508333,2.507813,2.507353,2.520833,2.506579,2.50625,2.505952,2.517045,2.516304,2.505208,2.505,2.514423,2.532408,2.549107,2.564655,2.579167,2.592742,2.605469,2.617424,2.628676,2.639286,2.649306,2.658784,2.667763,2.676282,2.684375,2.692073,2.699405,2.706395,2.713068,2.713889,2.714674,2.715425,2.716146,2.716837,2.7225,2.727941,2.733173,2.738208,2.738426,2.720454,2.712054,2.708333,2.704741,2.701271,2.697917,2.694672,,,,,,,,,,,,,,,,,,,,,,,,,,,,,,,,,,,,,,,,,,,,,,,,,,,,,,,,,,,,,,,,,,,,,,,,,,,,,,,,,,,,,,,,,,,,,,,,,,,,,,,,,,,,,,,,,,,,,,,,,,,,,,,,,,,,,,,,,,,,,,,,,,,,,,,,,,,,,,,,,,,,,,,,,,,,,,
296,2.25,2.375,2.416667,2.4375,2.4,2.416667,2.428571,2.40625,2.388889,2.375,2.386364,2.375,2.384615,2.392857,2.4,2.40625,2.411765,2.402778,2.394737,2.4,2.392857,2.386364,2.380435,2.385417,2.39,2.394231,2.398148,2.401786,2.405172,2.408333,2.41129,2.414063,2.416667,2.411765,2.407143,2.402778,2.398649,2.394737,2.391026,2.3875,2.384146,2.380952,2.377907,2.375,2.372222,2.369565,2.367021,2.364583,2.362245,2.365,2.362745,2.355769,2.346698,2.335648,2.325,2.319196,2.313596,2.303879,2.294492,2.285417,2.280738,,,,,,,,,,,,,,,,,,,,,,,,,,,,,,,,,,,,,,,,,,,,,,,,,,,,,,,,,,,,,,,,,,,,,,,,,,,,,,,,,,,,,,,,,,,,,,,,,,,,,,,,,,,,,,,,,,,,,,,,,,,,,,,,,,,,,,,,,,,,,,,,,,,,,,,,,,,,,,,,,,,,,,,,,,,,,,
73,2.5,2.375,2.333333,2.3125,2.3,2.291667,2.285714,2.28125,2.277778,2.275,2.272727,2.270833,2.269231,2.267857,2.266667,2.265625,2.264706,2.277778,2.289474,2.3125,2.333333,2.352273,2.369565,2.385417,2.41,2.432692,2.453704,2.473214,2.491379,2.508333,2.524194,2.539063,2.55303,2.566176,2.578571,2.590278,2.601351,2.611842,2.621795,2.63125,2.634146,2.630952,2.622093,2.613636,2.6,2.592391,2.585106,2.578125,2.571429,2.56,2.553921,2.543269,2.533019,2.523148,2.513636,2.508929,2.513158,2.508621,2.5,2.491667,2.483607,2.475806,,,,,,,,,,,,,,,,,,,,,,,,,,,,,,,,,,,,,,,,,,,,,,,,,,,,,,,,,,,,,,,,,,,,,,,,,,,,,,,,,,,,,,,,,,,,,,,,,,,,,,,,,,,,,,,,,,,,,,,,,,,,,,,,,,,,,,,,,,,,,,,,,,,,,,,,,,,,,,,,,,,,,,,,,,,,,
293,2.25,2.375,2.416667,2.4375,2.4,2.416667,2.428571,2.40625,2.388889,2.375,2.386364,2.395833,2.403846,2.392857,2.383333,2.375,2.382353,2.375,2.368421,2.3625,2.357143,2.352273,2.347826,2.34375,2.35,2.355769,2.361111,2.366071,2.37069,2.375,2.379032,2.382813,2.386364,2.382353,2.378572,2.375,2.378378,2.375,2.371795,2.36875,2.371951,2.375,2.360465,2.352273,2.344445,2.336957,2.329787,2.322917,2.316327,2.31,2.303921,2.298077,2.29717,2.296296,2.295455,2.290179,2.285088,2.280172,2.275424,2.275,2.27459,2.274194,,,,,,,,,,,,,,,,,,,,,,,,,,,,,,,,,,,,,,,,,,,,,,,,,,,,,,,,,,,,,,,,,,,,,,,,,,,,,,,,,,,,,,,,,,,,,,,,,,,,,,,,,,,,,,,,,,,,,,,,,,,,,,,,,,,,,,,,,,,,,,,,,,,,,,,,,,,,,,,,,,,,,,,,,,,,,
17,2.25,2.375,2.416667,2.4375,2.45,2.458333,2.464286,2.46875,2.472222,2.475,2.477273,2.479167,2.442308,2.401786,2.358333,2.320313,2.286765,2.284722,2.269737,2.25625,2.244048,2.255682,2.244565,2.223958,2.205,2.192308,2.185185,2.169643,2.163793,2.15,2.137097,2.125,2.106061,2.095588,2.092857,2.090278,2.101351,2.098684,2.089744,2.08125,2.073171,2.065476,2.063953,2.056818,2.055556,2.054348,2.053191,2.052083,2.05102,2.05,2.04902,2.048077,2.044811,2.043982,2.043182,2.044643,2.048246,2.047414,2.04661,2.045833,2.045082,2.044355,2.043651,2.042969,,,,,,,,,,,,,,,,,,,,,,,,,,,,,,,,,,,,,,,,,,,,,,,,,,,,,,,,,,,,,,,,,,,,,,,,,,,,,,,,,,,,,,,,,,,,,,,,,,,,,,,,,,,,,,,,,,,,,,,,,,,,,,,,,,,,,,,,,,,,,,,,,,,,,,,,,,,,,,,,,,,,,,,,,,,
95,2,1.8125,1.791667,1.90625,1.975,2.020833,2.053571,2.078125,2.097222,2.1125,2.125,2.135417,2.163461,2.1875,2.208333,2.226563,2.242647,2.256944,2.269737,2.28125,2.291667,2.301136,2.309783,2.317708,2.325,2.331731,2.337963,2.34375,2.349138,2.354167,2.358871,2.363281,2.367424,2.371324,2.375,2.378472,2.381757,2.375,2.365385,2.3625,2.359756,2.357143,2.354651,2.352273,2.35,2.347826,2.345745,2.34375,2.341837,2.34,2.338235,2.336539,2.334906,2.333333,2.331818,2.330357,2.328947,2.318965,2.309322,2.3,2.290984,2.282258,2.273809,2.265625,,,,,,,,,,,,,,,,,,,,,,,,,,,,,,,,,,,,,,,,,,,,,,,,,,,,,,,,,,,,,,,,,,,,,,,,,,,,,,,,,,,,,,,,,,,,,,,,,,,,,,,,,,,,,,,,,,,,,,,,,,,,,,,,,,,,,,,,,,,,,,,,,,,,,,,,,,,,,,,,,,,,,,,,,,,
6,2.25,2.25,2.25,2.25,2.25,2.25,2.25,2.25,2.25,2.25,2.25,2.25,2.25,2.25,2.25,2.25,2.25,2.25,2.25,2.25,2.25,2.25,2.25,2.25,2.25,2.25,2.25,2.25,2.25,2.25,2.25,2.25,2.25,2.25,2.25,2.25,2.25,2.236842,2.217949,2.19375,2.170732,2.154762,2.145349,2.133523,2.119444,2.105978,2.087766,2.070313,2.053571,2.0425,2.031863,2.021635,2.011792,2.006944,2.002273,1.997768,1.993421,1.989224,1.98517,1.98125,1.977459,1.969758,1.962302,1.955078,1.948077,,,,,,,,,,,,,,,,,,,,,,,,,,,,,,,,,,,,,,,,,,,,,,,,,,,,,,,,,,,,,,,,,,,,,,,,,,,,,,,,,,,,,,,,,,,,,,,,,,,,,,,,,,,,,,,,,,,,,,,,,,,,,,,,,,,,,,,,,,,,,,,,,,,,,,,,,,,,,,,,,,,,,,,,,,
139,2.25,2.3125,2.375,2.46875,2.525,2.5625,2.589286,2.609375,2.625,2.6375,2.647727,2.65625,2.663461,2.669643,2.675,2.679688,2.683824,2.6875,2.690789,2.69375,2.696429,2.698864,2.701087,2.682292,2.645,2.629808,2.625,2.620536,2.616379,2.6125,2.608871,2.605469,2.602273,2.599265,2.589286,2.579861,2.577703,2.569079,2.567308,2.559375,2.551829,2.550595,2.561047,2.571023,2.580555,2.589674,2.598404,2.601563,2.609694,2.6175,2.625,2.632211,2.634434,2.631944,2.620455,2.616071,2.614035,2.607759,2.601695,2.595833,2.590164,2.586694,2.581349,2.580078,2.571154,,,,,,,,,,,,,,,,,,,,,,,,,,,,,,,,,,,,,,,,,,,,,,,,,,,,,,,,,,,,,,,,,,,,,,,,,,,,,,,,,,,,,,,,,,,,,,,,,,,,,,,,,,,,,,,,,,,,,,,,,,,,,,,,,,,,,,,,,,,,,,,,,,,,,,,,,,,,,,,,,,,,,,,,,,
353,2.25,2.0625,2.041667,2.09375,2.125,2.145833,2.160714,2.171875,2.180556,2.1875,2.193182,2.197917,2.201923,2.205357,2.208333,2.210938,2.213235,2.215278,2.217105,2.21875,2.220238,2.221591,2.222826,2.223958,2.225,2.225961,2.226852,2.227679,2.228448,2.229167,2.229839,2.230469,2.231061,2.231618,2.232143,2.232639,2.233108,2.233553,2.240385,2.246875,2.253049,2.258929,2.264535,2.269886,2.269444,2.269022,2.268617,2.268229,2.267857,2.265,2.259804,2.254808,2.25,2.24537,2.240909,2.236607,2.232456,2.232759,2.235169,2.239583,2.247951,2.254032,2.253968,2.25,2.246154,,,,,,,,,,,,,,,,,,,,,,,,,,,,,,,,,,,,,,,,,,,,,,,,,,,,,,,,,,,,,,,,,,,,,,,,,,,,,,,,,,,,,,,,,,,,,,,,,,,,,,,,,,,,,,,,,,,,,,,,,,,,,,,,,,,,,,,,,,,,,,,,,,,,,,,,,,,,,,,,,,,,,,,,,,
156,1.75,2,2,2.0625,2.1,2.125,2.142857,2.15625,2.166667,2.175,2.181818,2.1875,2.192308,2.196429,2.2,2.203125,2.205882,2.208333,2.210526,2.2,2.202381,2.215909,2.228261,2.239583,2.25,2.259615,2.268518,2.258929,2.25,2.241667,2.233871,2.226563,2.219697,2.213235,2.207143,2.201389,2.195946,2.190789,2.185897,2.18125,2.182927,2.184524,2.186047,2.1875,2.188889,2.190217,2.191489,2.197917,2.19898,2.2,2.196079,2.192308,2.188679,2.185185,2.172727,2.165179,2.153509,2.146552,2.144068,2.141667,2.143443,2.143145,2.140873,2.138672,2.136539,,,,,,,,,,,,,,,,,,,,,,,,,,,,,,,,,,,,,,,,,,,,,,,,,,,,,,,,,,,,,,,,,,,,,,,,,,,,,,,,,,,,,,,,,,,,,,,,,,,,,,,,,,,,,,,,,,,,,,,,,,,,,,,,,,,,,,,,,,,,,,,,,,,,,,,,,,,,,,,,,,,,,,,,,,
111,2.5,2.5,2.583333,2.625,2.65,2.666667,2.678571,2.6875,2.694444,2.7,2.704545,2.708333,2.711539,2.714286,2.716667,2.71875,2.720588,2.722222,2.723684,2.725,2.726191,2.715909,2.706522,2.708333,2.71,2.711539,2.712963,2.714286,2.715517,2.716667,2.717742,2.71875,2.719697,2.720588,2.721429,2.722222,2.722973,2.723684,2.724359,2.725,2.72561,2.726191,2.726744,2.727273,2.727778,2.728261,2.728723,2.729167,2.729592,2.73,2.730392,2.730769,2.731132,2.731482,2.722727,2.716518,2.708333,2.700431,2.692797,2.685417,2.678279,2.671371,2.664683,2.658203,2.651923,2.645833,,,,,,,,,,,,,,,,,,,,,,,,,,,,,,,,,,,,,,,,,,,,,,,,,,,,,,,,,,,,,,,,,,,,,,,,,,,,,,,,,,,,,,,,,,,,,,,,,,,,,,,,,,,,,,,,,,,,,,,,,,,,,,,,,,,,,,,,,,,,,,,,,,,,,,,,,,,,,,,,,,,,,,,,,
203,1.75,1.875,1.916667,2,2,2,2,2,2,2,2,2,2,2,2,2,2,2,2,2,2,2,2,2,2,2,2,2,2,2,2,2,2,2,2,1.993056,1.986486,1.980263,1.974359,1.96875,1.966463,1.96131,1.950581,1.934659,1.930556,1.921196,1.912234,1.903646,1.895408,1.8875,1.879902,1.872596,1.865566,1.858796,1.852273,1.845982,1.839912,1.834052,1.82839,1.822917,1.821721,1.820565,1.819444,1.814453,1.805769,1.797348,,,,,,,,,,,,,,,,,,,,,,,,,,,,,,,,,,,,,,,,,,,,,,,,,,,,,,,,,,,,,,,,,,,,,,,,,,,,,,,,,,,,,,,,,,,,,,,,,,,,,,,,,,,,,,,,,,,,,,,,,,,,,,,,,,,,,,,,,,,,,,,,,,,,,,,,,,,,,,,,,,,,,,,,,
332,2.25,2.375,2.416667,2.4375,2.45,2.458333,2.464286,2.46875,2.472222,2.475,2.477273,2.479167,2.461539,2.455357,2.458333,2.460938,2.463235,2.465278,2.467105,2.46875,2.470238,2.471591,2.472826,2.473958,2.475,2.475961,2.476852,2.477679,2.478448,2.479167,2.479839,2.480469,2.481061,2.481618,2.482143,2.475694,2.476351,2.476974,2.477564,2.478125,2.484756,2.491071,2.497093,2.502841,2.508333,2.513587,2.518617,2.523438,2.528061,2.5325,2.531863,2.536058,2.53066,2.525463,2.520455,2.515625,2.510965,2.510776,2.506356,2.502083,2.506148,2.510081,2.513889,2.517578,2.517308,2.513258,,,,,,,,,,,,,,,,,,,,,,,,,,,,,,,,,,,,,,,,,,,,,,,,,,,,,,,,,,,,,,,,,,,,,,,,,,,,,,,,,,,,,,,,,,,,,,,,,,,,,,,,,,,,,,,,,,,,,,,,,,,,,,,,,,,,,,,,,,,,,,,,,,,,,,,,,,,,,,,,,,,,,,,,,
329,2.25,2.25,2.333333,2.375,2.4,2.416667,2.428571,2.4375,2.416667,2.425,2.409091,2.395833,2.365385,2.375,2.383333,2.390625,2.397059,2.402778,2.407895,2.4125,2.416667,2.420455,2.423913,2.427083,2.42,2.423077,2.416667,2.419643,2.422414,2.425,2.419355,2.421875,2.424242,2.419118,2.414286,2.416667,2.418919,2.421053,2.423077,2.425,2.426829,2.434524,2.44186,2.448864,2.455555,2.461957,2.468085,2.479167,2.489796,2.5,2.509804,2.519231,2.523585,2.527778,2.536364,2.540179,2.548246,2.551724,2.559322,2.5625,2.565574,2.564516,2.563492,2.5625,2.557692,2.549242,2.544776,,,,,,,,,,,,,,,,,,,,,,,,,,,,,,,,,,,,,,,,,,,,,,,,,,,,,,,,,,,,,,,,,,,,,,,,,,,,,,,,,,,,,,,,,,,,,,,,,,,,,,,,,,,,,,,,,,,,,,,,,,,,,,,,,,,,,,,,,,,,,,,,,,,,,,,,,,,,,,,,,,,,,,,,
204,1.75,1.5625,1.458333,1.59375,1.675,1.729167,1.732143,1.734375,1.736111,1.7375,1.738636,1.739583,1.740385,1.741071,1.741667,1.742188,1.742647,1.743056,1.743421,1.74375,1.744048,1.744318,1.744565,1.744792,1.745,1.745192,1.74537,1.745536,1.74569,1.745833,1.745968,1.746094,1.746212,1.753676,1.760714,1.767361,1.773649,1.779605,1.785256,1.784375,1.783537,1.782738,1.770349,1.758523,1.752778,1.741848,1.731383,1.721354,1.711735,1.7025,1.693627,1.680288,1.667453,1.655093,1.643182,1.640625,1.642544,1.631466,1.625,1.61875,1.612705,1.606855,1.597222,1.587891,1.582692,1.573864,1.56903,,,,,,,,,,,,,,,,,,,,,,,,,,,,,,,,,,,,,,,,,,,,,,,,,,,,,,,,,,,,,,,,,,,,,,,,,,,,,,,,,,,,,,,,,,,,,,,,,,,,,,,,,,,,,,,,,,,,,,,,,,,,,,,,,,,,,,,,,,,,,,,,,,,,,,,,,,,,,,,,,,,,,,,,
133,2.75,2.625,2.5,2.5625,2.6,2.625,2.642857,2.65625,2.694444,2.725,2.715909,2.697917,2.682692,2.678571,2.683333,2.671875,2.676471,2.680556,2.657895,2.65,2.642857,2.659091,2.663043,2.65625,2.67,2.673077,2.666667,2.660714,2.663793,2.666667,2.669355,2.679688,2.689394,2.698529,2.707143,2.715278,2.722973,2.730263,2.73718,2.74375,2.75,2.755952,2.755814,2.761364,2.766667,2.771739,2.776596,2.78125,2.785714,2.79,2.794118,2.798077,2.801887,2.805556,2.8,2.796875,2.791667,2.782328,2.773305,2.764583,2.752049,2.739919,2.728175,2.716797,2.701923,2.695076,2.692164,,,,,,,,,,,,,,,,,,,,,,,,,,,,,,,,,,,,,,,,,,,,,,,,,,,,,,,,,,,,,,,,,,,,,,,,,,,,,,,,,,,,,,,,,,,,,,,,,,,,,,,,,,,,,,,,,,,,,,,,,,,,,,,,,,,,,,,,,,,,,,,,,,,,,,,,,,,,,,,,,,,,,,,,
317,2.25,2.4375,2.458333,2.53125,2.575,2.604167,2.660714,2.671875,2.680556,2.6875,2.670455,2.65625,2.663461,2.669643,2.675,2.664063,2.669118,2.673611,2.677632,2.68125,2.684524,2.6875,2.690217,2.682292,2.685,2.6875,2.689815,2.683036,2.685345,2.6875,2.689516,2.683594,2.685606,2.6875,2.685714,2.680556,2.682432,2.677632,2.666667,2.65625,2.64939,2.645833,2.642442,2.639205,2.641667,2.638587,2.635638,2.632813,2.630102,2.6275,2.629902,2.632211,2.625,2.618056,2.615909,2.618304,2.620614,2.622845,2.620763,2.61875,2.616803,2.614919,2.613095,2.615234,2.617308,2.619318,2.617537,2.615809,,,,,,,,,,,,,,,,,,,,,,,,,,,,,,,,,,,,,,,,,,,,,,,,,,,,,,,,,,,,,,,,,,,,,,,,,,,,,,,,,,,,,,,,,,,,,,,,,,,,,,,,,,,,,,,,,,,,,,,,,,,,,,,,,,,,,,,,,,,,,,,,,,,,,,,,,,,,,,,,,,,,,,,
222,1.75,1.875,2,1.9375,1.95,1.958333,2,2.03125,2.055556,2.075,2.090909,2.104167,2.115385,2.125,2.133333,2.140625,2.147059,2.152778,2.157895,2.1625,2.166667,2.170455,2.173913,2.177083,2.18,2.182692,2.185185,2.1875,2.189655,2.191667,2.185484,2.179688,2.174242,2.169118,2.164286,2.159722,2.155406,2.151316,2.147436,2.14375,2.140244,2.136905,2.133721,2.130682,2.127778,2.125,2.12234,2.119792,2.117347,2.1125,2.110294,2.108173,2.106132,2.104167,2.102273,2.100446,2.098684,2.096983,2.099576,2.102083,2.092213,2.086694,2.077381,2.068359,2.055769,2.047348,2.039179,2.03125,,,,,,,,,,,,,,,,,,,,,,,,,,,,,,,,,,,,,,,,,,,,,,,,,,,,,,,,,,,,,,,,,,,,,,,,,,,,,,,,,,,,,,,,,,,,,,,,,,,,,,,,,,,,,,,,,,,,,,,,,,,,,,,,,,,,,,,,,,,,,,,,,,,,,,,,,,,,,,,,,,,,,,,
171,2.25,2.375,2.416667,2.4375,2.45,2.458333,2.464286,2.453125,2.430556,2.4375,2.443182,2.447917,2.451923,2.455357,2.458333,2.460938,2.463235,2.465278,2.467105,2.46875,2.470238,2.471591,2.472826,2.473958,2.475,2.475961,2.476852,2.477679,2.478448,2.479167,2.479839,2.480469,2.481061,2.481618,2.482143,2.482639,2.483108,2.483553,2.483974,2.484375,2.478658,2.473214,2.468023,2.463068,2.458333,2.453804,2.449468,2.445313,2.441327,2.4375,2.433824,2.430289,2.426887,2.423611,2.420455,2.417411,2.414474,2.411638,2.408898,2.40625,2.403688,2.397177,2.386905,2.376953,2.367308,2.357955,2.348881,2.340074,,,,,,,,,,,,,,,,,,,,,,,,,,,,,,,,,,,,,,,,,,,,,,,,,,,,,,,,,,,,,,,,,,,,,,,,,,,,,,,,,,,,,,,,,,,,,,,,,,,,,,,,,,,,,,,,,,,,,,,,,,,,,,,,,,,,,,,,,,,,,,,,,,,,,,,,,,,,,,,,,,,,,,,
90,2.75,2.625,2.666667,2.625,2.575,2.520833,2.482143,2.40625,2.361111,2.325,2.272727,2.270833,2.269231,2.258929,2.241667,2.210938,2.213235,2.229167,2.203947,2.19375,2.208333,2.210227,2.217391,2.21875,2.24,2.259615,2.277778,2.294643,2.310345,2.325,2.33871,2.351563,2.363636,2.375,2.385714,2.395833,2.405406,2.407895,2.397436,2.3875,2.381098,2.377976,2.375,2.369318,2.366667,2.347826,2.335106,2.34375,2.341837,2.34,2.343137,2.341346,2.34434,2.347222,2.354545,2.361607,2.364035,2.362069,2.351695,2.341667,2.340164,2.334677,2.329365,2.324219,2.319231,2.310606,2.30597,2.299632,,,,,,,,,,,,,,,,,,,,,,,,,,,,,,,,,,,,,,,,,,,,,,,,,,,,,,,,,,,,,,,,,,,,,,,,,,,,,,,,,,,,,,,,,,,,,,,,,,,,,,,,,,,,,,,,,,,,,,,,,,,,,,,,,,,,,,,,,,,,,,,,,,,,,,,,,,,,,,,,,,,,,,,
257,2,1.9375,1.875,1.84375,1.825,1.8125,1.803571,1.796875,1.791667,1.8375,1.852273,1.864583,1.875,1.883929,1.891667,1.898438,1.904412,1.909722,1.927632,1.93125,1.946429,1.960227,1.972826,1.973958,1.975,1.975962,1.976852,1.986607,1.99569,2.004167,2.012097,2.019531,2.026515,2.033088,2.039286,2.045139,2.050676,2.055921,2.060897,2.065625,2.070122,2.074405,2.078488,2.082386,2.086111,2.089674,2.093085,2.096354,2.09949,2.0975,2.095588,2.103365,2.110849,2.118056,2.125,2.131696,2.138158,2.140086,2.139831,2.129167,2.122951,2.112903,2.107143,2.105469,2.103846,2.098485,2.093284,2.088235,,,,,,,,,,,,,,,,,,,,,,,,,,,,,,,,,,,,,,,,,,,,,,,,,,,,,,,,,,,,,,,,,,,,,,,,,,,,,,,,,,,,,,,,,,,,,,,,,,,,,,,,,,,,,,,,,,,,,,,,,,,,,,,,,,,,,,,,,,,,,,,,,,,,,,,,,,,,,,,,,,,,,,,
87,2.25,2.125,2.083333,2.0625,2.05,2.041667,2.035714,2.03125,2.027778,2.025,2.022727,2.020833,2.019231,2.017857,2.016667,2,1.985294,1.986111,1.986842,1.9875,1.988095,1.988636,1.98913,1.989583,1.99,1.990385,1.990741,1.991071,1.991379,1.991667,1.991935,1.992188,1.992424,1.992647,1.992857,1.993056,1.993243,1.993421,1.99359,1.99375,1.993902,1.994048,1.994186,1.994318,1.994444,1.994565,1.994681,1.994792,1.994898,1.99,1.980392,1.971154,1.964623,1.960648,1.952273,1.944196,1.936404,1.928879,1.917373,1.902083,1.895492,1.885081,1.878968,1.873047,1.867308,1.857955,1.856343,1.849265,,,,,,,,,,,,,,,,,,,,,,,,,,,,,,,,,,,,,,,,,,,,,,,,,,,,,,,,,,,,,,,,,,,,,,,,,,,,,,,,,,,,,,,,,,,,,,,,,,,,,,,,,,,,,,,,,,,,,,,,,,,,,,,,,,,,,,,,,,,,,,,,,,,,,,,,,,,,,,,,,,,,,,,
249,2.75,2.75,2.75,2.75,2.725,2.6875,2.696429,2.734375,2.763889,2.7875,2.806818,2.822917,2.798077,2.785714,2.783333,2.765625,2.764706,2.777778,2.763158,2.75,2.738095,2.75,2.75,2.739583,2.73,2.725961,2.726852,2.71875,2.711207,2.704167,2.697581,2.691406,2.685606,2.6875,2.682143,2.670139,2.66554,2.661184,2.663461,2.671875,2.679878,2.6875,2.68314,2.678977,2.675,2.682065,2.68617,2.6875,2.693877,2.7,2.705882,2.711539,2.716981,2.722222,2.727273,2.727679,2.723684,2.719828,2.720339,2.725,2.729508,2.733871,2.738095,2.742188,2.742308,2.738636,2.735075,2.731618,2.728261,,,,,,,,,,,,,,,,,,,,,,,,,,,,,,,,,,,,,,,,,,,,,,,,,,,,,,,,,,,,,,,,,,,,,,,,,,,,,,,,,,,,,,,,,,,,,,,,,,,,,,,,,,,,,,,,,,,,,,,,,,,,,,,,,,,,,,,,,,,,,,,,,,,,,,,,,,,,,,,,,,,,,,
155,1.75,1.625,1.666667,1.625,1.625,1.5625,1.589286,1.640625,1.680556,1.7125,1.715909,1.71875,1.740385,1.758929,1.775,1.773438,1.786765,1.784722,1.782895,1.76875,1.732143,1.732955,1.733696,1.723958,1.715,1.706731,1.708333,1.700893,1.693966,1.6875,1.681452,1.675781,1.662879,1.650735,1.639286,1.628472,1.631757,1.634868,1.625,1.615625,1.60061,1.592262,1.590116,1.588068,1.591667,1.589674,1.582447,1.580729,1.579082,1.5775,1.580882,1.579327,1.57783,1.576389,1.575,1.573661,1.572368,1.571121,1.569915,1.56875,1.567623,1.5625,1.561508,1.560547,1.563462,1.5625,1.561567,1.560662,1.559783,,,,,,,,,,,,,,,,,,,,,,,,,,,,,,,,,,,,,,,,,,,,,,,,,,,,,,,,,,,,,,,,,,,,,,,,,,,,,,,,,,,,,,,,,,,,,,,,,,,,,,,,,,,,,,,,,,,,,,,,,,,,,,,,,,,,,,,,,,,,,,,,,,,,,,,,,,,,,,,,,,,,,,
135,2.25,2.1875,2.125,2.15625,2.175,2.1875,2.196429,2.203125,2.208333,2.2125,2.215909,2.21875,2.221154,2.223214,2.225,2.226563,2.227941,2.229167,2.230263,2.23125,2.232143,2.232955,2.233696,2.244792,2.255,2.264423,2.273148,2.28125,2.288793,2.295833,2.302419,2.308594,2.314394,2.319853,2.325,2.329861,2.33446,2.338816,2.342949,2.346875,2.35061,2.354167,2.351744,2.346591,2.344445,2.347826,2.353723,2.356771,2.359694,2.3625,2.360294,2.362981,2.365566,2.363426,2.361364,2.363839,2.366228,2.368535,2.370763,2.372917,2.375,2.372984,2.367064,2.361328,2.355769,2.350379,2.341418,2.332721,2.320652,,,,,,,,,,,,,,,,,,,,,,,,,,,,,,,,,,,,,,,,,,,,,,,,,,,,,,,,,,,,,,,,,,,,,,,,,,,,,,,,,,,,,,,,,,,,,,,,,,,,,,,,,,,,,,,,,,,,,,,,,,,,,,,,,,,,,,,,,,,,,,,,,,,,,,,,,,,,,,,,,,,,,,
283,2,1.875,1.75,1.8125,1.8,1.833333,1.857143,1.90625,1.944444,2,2.045455,2.083333,2.115385,2.125,2.133333,2.15625,2.176471,2.180556,2.184211,2.2,2.214286,2.215909,2.217391,2.21875,2.23,2.240385,2.25,2.25,2.25,2.25,2.258065,2.265625,2.272727,2.272059,2.271429,2.270833,2.27027,2.269737,2.269231,2.26875,2.268293,2.267857,2.267442,2.267045,2.266667,2.266304,2.265957,2.265625,2.265306,2.2575,2.252451,2.242789,2.226415,2.212963,2.204545,2.200893,2.192982,2.185345,2.184322,2.185417,2.182377,2.179435,2.176587,2.173828,2.171154,2.160985,2.151119,2.141544,2.132246,,,,,,,,,,,,,,,,,,,,,,,,,,,,,,,,,,,,,,,,,,,,,,,,,,,,,,,,,,,,,,,,,,,,,,,,,,,,,,,,,,,,,,,,,,,,,,,,,,,,,,,,,,,,,,,,,,,,,,,,,,,,,,,,,,,,,,,,,,,,,,,,,,,,,,,,,,,,,,,,,,,,,,
244,2.25,2.375,2.5,2.5,2.5,2.5,2.5,2.53125,2.555556,2.575,2.590909,2.604167,2.615385,2.625,2.633333,2.640625,2.647059,2.652778,2.657895,2.6625,2.666667,2.670455,2.673913,2.677083,2.68,2.682692,2.685185,2.6875,2.689655,2.691667,2.693548,2.695313,2.69697,2.705882,2.707143,2.708333,2.70946,2.703947,2.698718,2.7,2.70122,2.702381,2.703488,2.704545,2.705555,2.706522,2.707447,2.708333,2.709184,2.71,2.710784,2.711539,2.712264,2.712963,2.713636,2.716518,2.712719,2.704741,2.697034,2.689583,2.682377,2.675403,2.668651,2.662109,2.655769,2.649621,2.643657,2.641544,2.639493,,,,,,,,,,,,,,,,,,,,,,,,,,,,,,,,,,,,,,,,,,,,,,,,,,,,,,,,,,,,,,,,,,,,,,,,,,,,,,,,,,,,,,,,,,,,,,,,,,,,,,,,,,,,,,,,,,,,,,,,,,,,,,,,,,,,,,,,,,,,,,,,,,,,,,,,,,,,,,,,,,,,,,
242,2.75,2.75,2.75,2.75,2.75,2.75,2.75,2.78125,2.805556,2.825,2.840909,2.854167,2.865385,2.875,2.883333,2.890625,2.897059,2.902778,2.907895,2.9125,2.916667,2.920455,2.923913,2.927083,2.93,2.932692,2.935185,2.9375,2.939655,2.941667,2.943548,2.933594,2.920455,2.915441,2.896429,2.878472,2.881757,2.878289,2.86859,2.859375,2.85061,2.830357,2.81686,2.809659,2.802778,2.796196,2.789894,2.783854,2.772959,2.7675,2.762255,2.757211,2.752358,2.747685,2.752273,2.754464,2.754386,2.74569,2.741525,2.745833,2.75,2.754032,2.757936,2.761719,2.765385,2.768939,2.772388,2.772059,2.768116,,,,,,,,,,,,,,,,,,,,,,,,,,,,,,,,,,,,,,,,,,,,,,,,,,,,,,,,,,,,,,,,,,,,,,,,,,,,,,,,,,,,,,,,,,,,,,,,,,,,,,,,,,,,,,,,,,,,,,,,,,,,,,,,,,,,,,,,,,,,,,,,,,,,,,,,,,,,,,,,,,,,,,
211,2.25,2.125,2.166667,2.1875,2.2,2.208333,2.214286,2.25,2.277778,2.3,2.295455,2.291667,2.288461,2.303571,2.3,2.296875,2.294118,2.291667,2.289474,2.2875,2.285714,2.284091,2.282609,2.28125,2.28,2.278846,2.277778,2.276786,2.275862,2.275,2.274194,2.273438,2.280303,2.286765,2.285714,2.284722,2.283784,2.282895,2.282051,2.28125,2.280488,2.279762,2.27907,2.278409,2.288889,2.293478,2.292553,2.286458,2.280612,2.275,2.269608,2.264423,2.259434,2.25463,2.25,2.245536,2.241228,2.237069,2.233051,2.229167,2.22541,2.221774,2.218254,2.214844,2.211539,2.208333,2.208955,2.205882,2.202899,,,,,,,,,,,,,,,,,,,,,,,,,,,,,,,,,,,,,,,,,,,,,,,,,,,,,,,,,,,,,,,,,,,,,,,,,,,,,,,,,,,,,,,,,,,,,,,,,,,,,,,,,,,,,,,,,,,,,,,,,,,,,,,,,,,,,,,,,,,,,,,,,,,,,,,,,,,,,,,,,,,,,,
282,2.25,2.375,2.416667,2.4375,2.45,2.458333,2.464286,2.46875,2.472222,2.45,2.431818,2.416667,2.403846,2.410714,2.416667,2.421875,2.426471,2.430556,2.434211,2.4375,2.440476,2.443182,2.445652,2.447917,2.45,2.451923,2.453704,2.455357,2.456897,2.458333,2.459677,2.460938,2.462121,2.463235,2.464286,2.472222,2.472973,2.473684,2.474359,2.48125,2.487805,2.494048,2.494186,2.494318,2.494444,2.494565,2.494681,2.494792,2.494898,2.5,2.504902,2.509615,2.509434,2.509259,2.509091,2.506696,2.497807,2.484914,2.476695,2.477083,2.477459,2.475806,2.472222,2.46875,2.465385,2.462121,2.458955,2.459559,2.456522,2.453571,,,,,,,,,,,,,,,,,,,,,,,,,,,,,,,,,,,,,,,,,,,,,,,,,,,,,,,,,,,,,,,,,,,,,,,,,,,,,,,,,,,,,,,,,,,,,,,,,,,,,,,,,,,,,,,,,,,,,,,,,,,,,,,,,,,,,,,,,,,,,,,,,,,,,,,,,,,,,,,,,,,,,
98,2.5,2.75,2.75,2.75,2.7,2.666667,2.678571,2.671875,2.652778,2.6625,2.670455,2.677083,2.701923,2.705357,2.725,2.742188,2.742647,2.756944,2.756579,2.76875,2.779762,2.789773,2.788043,2.786458,2.785,2.783654,2.782408,2.78125,2.780172,2.779167,2.778226,2.777344,2.776515,2.775735,2.775,2.774306,2.773649,2.766447,2.746795,2.721875,2.710366,2.699405,2.688953,2.678977,2.669445,2.654891,2.643617,2.640625,2.622449,2.605,2.583333,2.576923,2.570755,2.560185,2.55,2.535714,2.52193,2.512931,2.504237,2.495833,2.483607,2.471774,2.464286,2.457031,2.45,2.443182,2.440299,2.4375,2.434783,2.428571,,,,,,,,,,,,,,,,,,,,,,,,,,,,,,,,,,,,,,,,,,,,,,,,,,,,,,,,,,,,,,,,,,,,,,,,,,,,,,,,,,,,,,,,,,,,,,,,,,,,,,,,,,,,,,,,,,,,,,,,,,,,,,,,,,,,,,,,,,,,,,,,,,,,,,,,,,,,,,,,,,,,,
307,2,2.0625,2.041667,2.09375,2.125,2.145833,2.160714,2.171875,2.180556,2.1875,2.193182,2.177083,2.182692,2.1875,2.191667,2.195313,2.198529,2.201389,2.203947,2.19375,2.196429,2.198864,2.190217,2.182292,2.185,2.1875,2.189815,2.191964,2.193965,2.195833,2.197581,2.199219,2.193182,2.194853,2.189286,2.190972,2.192568,2.207237,2.221154,2.234375,2.246951,2.258929,2.270349,2.28125,2.286111,2.296196,2.305851,2.315104,2.32398,2.3325,2.340686,2.348558,2.356132,2.363426,2.365909,2.368304,2.370614,2.377155,2.383475,2.389583,2.395492,2.40121,2.406746,2.404297,2.401923,2.395833,2.389925,2.384191,2.378623,2.373214,,,,,,,,,,,,,,,,,,,,,,,,,,,,,,,,,,,,,,,,,,,,,,,,,,,,,,,,,,,,,,,,,,,,,,,,,,,,,,,,,,,,,,,,,,,,,,,,,,,,,,,,,,,,,,,,,,,,,,,,,,,,,,,,,,,,,,,,,,,,,,,,,,,,,,,,,,,,,,,,,,,,,
324,2,2.25,2.416667,2.5,2.55,2.583333,2.607143,2.59375,2.583333,2.575,2.568182,2.5625,2.557692,2.553571,2.55,2.546875,2.544118,2.541667,2.539474,2.5375,2.535714,2.534091,2.532609,2.53125,2.53,2.528846,2.527778,2.526786,2.525862,2.525,2.516129,2.507813,2.507576,2.507353,2.507143,2.506944,2.506757,2.5,2.49359,2.4875,2.47561,2.464286,2.465116,2.465909,2.466667,2.467391,2.462766,2.447917,2.433673,2.42,2.406863,2.403846,2.40566,2.407408,2.404546,2.399554,2.392544,2.381465,2.370763,2.360417,2.35041,2.340726,2.331349,2.322266,2.313462,2.301136,2.289179,2.277574,2.266304,2.255357,,,,,,,,,,,,,,,,,,,,,,,,,,,,,,,,,,,,,,,,,,,,,,,,,,,,,,,,,,,,,,,,,,,,,,,,,,,,,,,,,,,,,,,,,,,,,,,,,,,,,,,,,,,,,,,,,,,,,,,,,,,,,,,,,,,,,,,,,,,,,,,,,,,,,,,,,,,,,,,,,,,,,
114,2,2.25,2.333333,2.4375,2.5,2.541667,2.571429,2.5625,2.555556,2.55,2.545455,2.541667,2.538461,2.535714,2.533333,2.53125,2.529412,2.527778,2.526316,2.525,2.535714,2.545455,2.543478,2.541667,2.54,2.548077,2.555556,2.5625,2.568965,2.575,2.580645,2.585938,2.590909,2.595588,2.6,2.604167,2.608108,2.611842,2.615385,2.61875,2.621951,2.625,2.627907,2.630682,2.633333,2.63587,2.638298,2.635417,2.632653,2.63,2.627451,2.620192,2.613208,2.601852,2.590909,2.582589,2.572368,2.55819,2.544492,2.527083,2.522541,2.518145,2.513889,2.505859,2.498077,2.49053,2.479478,2.476103,2.469203,2.458929,,,,,,,,,,,,,,,,,,,,,,,,,,,,,,,,,,,,,,,,,,,,,,,,,,,,,,,,,,,,,,,,,,,,,,,,,,,,,,,,,,,,,,,,,,,,,,,,,,,,,,,,,,,,,,,,,,,,,,,,,,,,,,,,,,,,,,,,,,,,,,,,,,,,,,,,,,,,,,,,,,,,,
221,2.25,2.125,2,2,2,2,2,2,2.027778,2.025,2.022727,2.020833,2.019231,2.017857,2.016667,2.015625,2.014706,2.013889,2.013158,2.0125,2.011905,2.011364,2.01087,2.010417,2.01,2.009615,2.018518,2.017857,2.017241,2.016667,2.024194,2.03125,2.037879,2.044118,2.05,2.055556,2.060811,2.065789,2.070513,2.075,2.079268,2.083333,2.075581,2.068182,2.061111,2.054348,2.053191,2.052083,2.040816,2.035,2.034314,2.033654,2.033019,2.032408,2.027273,2.022321,2.017544,2.012931,2.008475,2.008333,2.012295,2.014113,2.013889,2.013672,2.013462,2.013258,2.01306,2.012868,2.016304,2.019643,2.024648,,,,,,,,,,,,,,,,,,,,,,,,,,,,,,,,,,,,,,,,,,,,,,,,,,,,,,,,,,,,,,,,,,,,,,,,,,,,,,,,,,,,,,,,,,,,,,,,,,,,,,,,,,,,,,,,,,,,,,,,,,,,,,,,,,,,,,,,,,,,,,,,,,,,,,,,,,,,,,,,,,,,
327,2,2,2.083333,2.1875,2.3,2.375,2.428571,2.421875,2.402778,2.4125,2.420455,2.427083,2.413461,2.401786,2.391667,2.382813,2.375,2.368056,2.361842,2.35625,2.351191,2.346591,2.331522,2.317708,2.315,2.302885,2.291667,2.28125,2.288793,2.295833,2.294355,2.300781,2.306818,2.305147,2.303571,2.302083,2.300676,2.299342,2.304487,2.303125,2.301829,2.294643,2.293605,2.292614,2.297222,2.30163,2.305851,2.309896,2.313776,2.3175,2.321079,2.329327,2.337264,2.344908,2.352273,2.359375,2.366228,2.368535,2.375,2.38125,2.383197,2.389113,2.390873,2.392578,2.390385,2.388258,2.386194,2.386029,2.380435,2.371428,2.366197,,,,,,,,,,,,,,,,,,,,,,,,,,,,,,,,,,,,,,,,,,,,,,,,,,,,,,,,,,,,,,,,,,,,,,,,,,,,,,,,,,,,,,,,,,,,,,,,,,,,,,,,,,,,,,,,,,,,,,,,,,,,,,,,,,,,,,,,,,,,,,,,,,,,,,,,,,,,,,,,,,,,
328,2.25,2.1875,2.208333,2.28125,2.375,2.395833,2.410714,2.421875,2.430556,2.4375,2.443182,2.447917,2.451923,2.455357,2.458333,2.460938,2.463235,2.451389,2.440789,2.43125,2.434524,2.426136,2.407609,2.401042,2.405,2.408654,2.412037,2.40625,2.392241,2.395833,2.399194,2.402344,2.405303,2.408088,2.410714,2.413194,2.41554,2.414474,2.410256,2.4125,2.414634,2.416667,2.418605,2.420455,2.427778,2.434783,2.441489,2.447917,2.454082,2.46,2.465686,2.471154,2.476415,2.481482,2.486364,2.491071,2.495614,2.5,2.504237,2.508333,2.512295,2.516129,2.519841,2.515625,2.507692,2.5,2.492537,2.485294,2.478261,2.471429,2.463028,,,,,,,,,,,,,,,,,,,,,,,,,,,,,,,,,,,,,,,,,,,,,,,,,,,,,,,,,,,,,,,,,,,,,,,,,,,,,,,,,,,,,,,,,,,,,,,,,,,,,,,,,,,,,,,,,,,,,,,,,,,,,,,,,,,,,,,,,,,,,,,,,,,,,,,,,,,,,,,,,,,,
305,2.25,2.4375,2.458333,2.53125,2.575,2.604167,2.625,2.640625,2.652778,2.6625,2.670455,2.677083,2.682692,2.6875,2.675,2.648438,2.625,2.631944,2.625,2.61875,2.625,2.630682,2.625,2.619792,2.615,2.610577,2.606482,2.602679,2.607759,2.6125,2.616935,2.621094,2.625,2.628676,2.628572,2.625,2.628378,2.625,2.621795,2.61875,2.615854,2.613095,2.610465,2.607955,2.605556,2.597826,2.595745,2.59375,2.591837,2.59,2.588235,2.586539,2.584906,2.578704,2.577273,2.571429,2.565789,2.560345,2.555085,2.55,2.54918,2.548387,2.547619,2.542969,2.538461,2.534091,2.529851,2.525735,2.521739,2.510714,2.5,2.493056,,,,,,,,,,,,,,,,,,,,,,,,,,,,,,,,,,,,,,,,,,,,,,,,,,,,,,,,,,,,,,,,,,,,,,,,,,,,,,,,,,,,,,,,,,,,,,,,,,,,,,,,,,,,,,,,,,,,,,,,,,,,,,,,,,,,,,,,,,,,,,,,,,,,,,,,,,,,,,,,,,,
66,2,2.125,2.083333,2.0625,2.05,2.041667,2.035714,2.0625,2.111111,2.125,2.136364,2.145833,2.153846,2.160714,2.166667,2.171875,2.176471,2.180556,2.184211,2.1875,2.190476,2.193182,2.195652,2.197917,2.2,2.201923,2.203704,2.205357,2.206897,2.208333,2.209677,2.210938,2.212121,2.213235,2.214286,2.215278,2.216216,2.210526,2.211539,2.2125,2.213415,2.214286,2.215116,2.215909,2.222222,2.217391,2.212766,2.213542,2.214286,2.215,2.210784,2.211539,2.212264,2.212963,2.213636,2.212054,2.217105,2.217672,2.213983,2.20625,2.202869,2.197581,2.190476,2.191406,2.190385,2.179924,2.173507,2.165441,2.155797,2.153571,2.153169,2.154514,,,,,,,,,,,,,,,,,,,,,,,,,,,,,,,,,,,,,,,,,,,,,,,,,,,,,,,,,,,,,,,,,,,,,,,,,,,,,,,,,,,,,,,,,,,,,,,,,,,,,,,,,,,,,,,,,,,,,,,,,,,,,,,,,,,,,,,,,,,,,,,,,,,,,,,,,,,,,,,,,,,
44,3,3,3,2.875,2.7,2.625,2.607143,2.578125,2.569444,2.5375,2.511364,2.489583,2.471154,2.464286,2.466667,2.453125,2.455882,2.472222,2.460526,2.45,2.440476,2.443182,2.440217,2.432292,2.425,2.418269,2.412037,2.40625,2.400862,2.395833,2.391129,2.386719,2.382576,2.378676,2.375,2.371528,2.381757,2.384868,2.38141,2.378125,2.375,2.372024,2.375,2.380682,2.388889,2.396739,2.398936,2.395833,2.392857,2.39,2.387255,2.384615,2.382076,2.37963,2.377273,2.375,2.372807,2.37069,2.368644,2.366667,2.364754,2.362903,2.361111,2.359375,2.357692,2.356061,2.354478,2.352941,2.351449,2.35,2.348592,2.347222,,,,,,,,,,,,,,,,,,,,,,,,,,,,,,,,,,,,,,,,,,,,,,,,,,,,,,,,,,,,,,,,,,,,,,,,,,,,,,,,,,,,,,,,,,,,,,,,,,,,,,,,,,,,,,,,,,,,,,,,,,,,,,,,,,,,,,,,,,,,,,,,,,,,,,,,,,,,,,,,,,,
68,2.25,2.375,2.416667,2.4375,2.45,2.458333,2.464286,2.46875,2.444444,2.45,2.431818,2.416667,2.403846,2.392857,2.4,2.40625,2.397059,2.388889,2.381579,2.375,2.369048,2.363636,2.358696,2.354167,2.35,2.346154,2.342592,2.339286,2.336207,2.333333,2.330645,2.328125,2.325758,2.323529,2.321429,2.319444,2.317568,2.315789,2.314103,2.3125,2.310976,2.309524,2.30814,2.306818,2.305556,2.304348,2.303191,2.296875,2.290816,2.285,2.279412,2.274039,2.268868,2.263889,2.25,2.238839,2.230263,2.221983,2.213983,2.20625,2.198771,2.191532,2.184524,2.177734,2.171154,2.164773,2.162313,2.159926,2.157609,2.158929,2.160211,2.157986,,,,,,,,,,,,,,,,,,,,,,,,,,,,,,,,,,,,,,,,,,,,,,,,,,,,,,,,,,,,,,,,,,,,,,,,,,,,,,,,,,,,,,,,,,,,,,,,,,,,,,,,,,,,,,,,,,,,,,,,,,,,,,,,,,,,,,,,,,,,,,,,,,,,,,,,,,,,,,,,,,,
145,2,2.125,2,2,2.05,2.125,2.178571,2.21875,2.277778,2.325,2.363636,2.395833,2.403846,2.410714,2.416667,2.421875,2.426471,2.430556,2.434211,2.45,2.452381,2.454545,2.467391,2.46875,2.47,2.471154,2.472222,2.473214,2.474138,2.475,2.475806,2.476563,2.477273,2.477941,2.478571,2.479167,2.486486,2.486842,2.48718,2.4875,2.487805,2.488095,2.482558,2.482955,2.483333,2.483696,2.484043,2.473958,2.464286,2.455,2.446079,2.4375,2.429245,2.425926,2.427273,2.433036,2.438596,2.443965,2.444915,2.441667,2.438524,2.431452,2.424603,2.417969,2.407692,2.393939,2.380597,2.371324,2.365942,2.360714,2.357394,2.352431,,,,,,,,,,,,,,,,,,,,,,,,,,,,,,,,,,,,,,,,,,,,,,,,,,,,,,,,,,,,,,,,,,,,,,,,,,,,,,,,,,,,,,,,,,,,,,,,,,,,,,,,,,,,,,,,,,,,,,,,,,,,,,,,,,,,,,,,,,,,,,,,,,,,,,,,,,,,,,,,,,,
224,2.75,2.6875,2.625,2.65625,2.675,2.6875,2.696429,2.734375,2.763889,2.7875,2.806818,2.822917,2.836539,2.848214,2.858333,2.867188,2.875,2.881944,2.888158,2.89375,2.898809,2.903409,2.907609,2.911458,2.915,2.918269,2.921296,2.924107,2.926724,2.929167,2.931452,2.925781,2.920455,2.915441,2.910714,2.90625,2.902027,2.898026,2.894231,2.884375,2.868902,2.854167,2.84593,2.838068,2.830555,2.82337,2.816489,2.809896,2.803571,2.7975,2.791667,2.786058,2.78066,2.775463,2.770455,2.770089,2.774123,2.778017,2.78178,2.785417,2.788934,2.788306,2.791667,2.794922,2.798077,2.801136,2.800373,2.797794,2.793478,2.789286,2.786972,2.786458,2.782534,,,,,,,,,,,,,,,,,,,,,,,,,,,,,,,,,,,,,,,,,,,,,,,,,,,,,,,,,,,,,,,,,,,,,,,,,,,,,,,,,,,,,,,,,,,,,,,,,,,,,,,,,,,,,,,,,,,,,,,,,,,,,,,,,,,,,,,,,,,,,,,,,,,,,,,,,,,,,,,,,,
40,2.25,2.25,2.333333,2.375,2.35,2.375,2.357143,2.34375,2.333333,2.35,2.363636,2.375,2.384615,2.392857,2.4,2.40625,2.411765,2.416667,2.421053,2.425,2.428571,2.431818,2.434783,2.4375,2.44,2.442308,2.444444,2.446429,2.448276,2.45,2.451613,2.453125,2.454545,2.455882,2.457143,2.458333,2.45946,2.460526,2.461539,2.4625,2.463415,2.464286,2.465116,2.465909,2.466667,2.467391,2.468085,2.46875,2.469388,2.47,2.470588,2.471154,2.471698,2.472222,2.472727,2.473214,2.473684,2.474138,2.474576,2.475,2.47541,2.475806,2.476191,2.476563,2.475,2.471591,2.464552,2.457721,2.451087,2.448214,2.445423,2.442708,2.436644,,,,,,,,,,,,,,,,,,,,,,,,,,,,,,,,,,,,,,,,,,,,,,,,,,,,,,,,,,,,,,,,,,,,,,,,,,,,,,,,,,,,,,,,,,,,,,,,,,,,,,,,,,,,,,,,,,,,,,,,,,,,,,,,,,,,,,,,,,,,,,,,,,,,,,,,,,,,,,,,,,
248,2.25,2.5,2.5,2.625,2.7,2.708333,2.714286,2.6875,2.666667,2.625,2.613636,2.625,2.653846,2.678571,2.7,2.71875,2.735294,2.75,2.763158,2.775,2.773809,2.772727,2.782609,2.791667,2.8,2.807692,2.814815,2.821429,2.827586,2.833333,2.83871,2.84375,2.848485,2.852941,2.85,2.840278,2.844594,2.842105,2.833333,2.825,2.817073,2.809524,2.802325,2.795455,2.788889,2.782609,2.776596,2.765625,2.765306,2.7625,2.757353,2.752404,2.747642,2.738426,2.738636,2.738839,2.739035,2.734914,2.733051,2.729167,2.729508,2.729839,2.730159,2.734375,2.738461,2.742424,2.746269,2.746324,2.742754,2.735714,2.734155,2.734375,2.731164,2.72804,,,,,,,,,,,,,,,,,,,,,,,,,,,,,,,,,,,,,,,,,,,,,,,,,,,,,,,,,,,,,,,,,,,,,,,,,,,,,,,,,,,,,,,,,,,,,,,,,,,,,,,,,,,,,,,,,,,,,,,,,,,,,,,,,,,,,,,,,,,,,,,,,,,,,,,,,,,,,,,,,
272,1.75,1.8125,1.791667,1.84375,1.875,1.895833,1.910714,1.921875,1.930556,1.9375,1.943182,1.947917,1.951923,1.955357,1.958333,1.960938,1.963235,1.965278,1.967105,1.96875,1.970238,1.971591,1.972826,1.973958,1.975,1.975962,1.976852,1.96875,1.961207,1.954167,1.955645,1.957031,1.958333,1.959559,1.967857,1.975694,1.983108,1.990132,1.990385,1.996875,2.003049,2.008929,2.014535,2.019886,2.025,2.035326,2.042553,2.041667,2.040816,2.04,2.039216,2.038461,2.037736,2.037037,2.036364,2.037946,2.041667,2.040948,2.036017,2.03125,2.030738,2.030242,2.029762,2.029297,2.028846,2.028409,2.027985,2.027574,2.027174,2.023214,2.022887,2.026042,2.029109,2.030406,,,,,,,,,,,,,,,,,,,,,,,,,,,,,,,,,,,,,,,,,,,,,,,,,,,,,,,,,,,,,,,,,,,,,,,,,,,,,,,,,,,,,,,,,,,,,,,,,,,,,,,,,,,,,,,,,,,,,,,,,,,,,,,,,,,,,,,,,,,,,,,,,,,,,,,,,,,,,,,,,
175,2.5,2.5,2.5,2.5,2.5,2.5,2.5,2.5,2.5,2.5,2.5,2.5,2.5,2.5,2.5,2.5,2.5,2.5,2.5,2.5,2.5,2.5,2.5,2.5,2.5,2.5,2.5,2.5,2.5,2.5,2.5,2.5,2.5,2.5,2.5,2.5,2.5,2.5,2.5,2.5,2.5,2.5,2.5,2.5,2.5,2.494565,2.489362,2.489583,2.489796,2.49,2.490196,2.490385,2.490566,2.490741,2.490909,2.491071,2.486842,2.482759,2.478814,2.470833,2.463115,2.455645,2.448413,2.445313,2.442308,2.439394,2.436567,2.433824,2.431159,2.421429,2.413732,2.407986,2.402397,2.39696,,,,,,,,,,,,,,,,,,,,,,,,,,,,,,,,,,,,,,,,,,,,,,,,,,,,,,,,,,,,,,,,,,,,,,,,,,,,,,,,,,,,,,,,,,,,,,,,,,,,,,,,,,,,,,,,,,,,,,,,,,,,,,,,,,,,,,,,,,,,,,,,,,,,,,,,,,,,,,,,,
81,2.25,2.25,2.25,2.25,2.3,2.375,2.428571,2.46875,2.5,2.525,2.545455,2.5625,2.576923,2.589286,2.583333,2.578125,2.588235,2.597222,2.592105,2.5875,2.583333,2.579545,2.576087,2.572917,2.57,2.567308,2.564815,2.5625,2.560345,2.558333,2.556452,2.554688,2.55303,2.551471,2.55,2.541667,2.533784,2.532895,2.532051,2.53125,2.530488,2.529762,2.52907,2.528409,2.527778,2.527174,2.526596,2.526042,2.52551,2.525,2.52451,2.519231,2.518868,2.518518,2.513636,2.504464,2.495614,2.487069,2.483051,2.479167,2.47541,2.471774,2.468254,2.464844,2.457692,2.44697,2.436567,2.426471,2.416667,2.407143,2.397887,2.388889,2.386986,2.383446,2.381667,,,,,,,,,,,,,,,,,,,,,,,,,,,,,,,,,,,,,,,,,,,,,,,,,,,,,,,,,,,,,,,,,,,,,,,,,,,,,,,,,,,,,,,,,,,,,,,,,,,,,,,,,,,,,,,,,,,,,,,,,,,,,,,,,,,,,,,,,,,,,,,,,,,,,,,,,,,,,,,,
205,2.25,2.375,2.416667,2.4375,2.4,2.375,2.357143,2.40625,2.416667,2.425,2.431818,2.4375,2.442308,2.446429,2.45,2.453125,2.455882,2.458333,2.460526,2.4625,2.464286,2.465909,2.467391,2.46875,2.47,2.471154,2.472222,2.473214,2.474138,2.475,2.467742,2.460938,2.454545,2.448529,2.442857,2.4375,2.432432,2.427632,2.423077,2.41875,2.414634,2.410714,2.412791,2.414773,2.416667,2.413043,2.409575,2.411458,2.413265,2.415,2.416667,2.408654,2.410377,2.416667,2.422727,2.433036,2.442982,2.452586,2.459746,2.464583,2.469262,2.471774,2.472222,2.480469,2.480769,2.477273,2.470149,2.466912,2.463768,2.471429,2.477113,2.480903,2.484589,2.486486,2.486667,2.486842,2.487013,,,,,,,,,,,,,,,,,,,,,,,,,,,,,,,,,,,,,,,,,,,,,,,,,,,,,,,,,,,,,,,,,,,,,,,,,,,,,,,,,,,,,,,,,,,,,,,,,,,,,,,,,,,,,,,,,,,,,,,,,,,,,,,,,,,,,,,,,,,,,,,,,,,,,,,,,,,,,,
82,2.25,2.5,2.5,2.5,2.5,2.458333,2.428571,2.40625,2.416667,2.425,2.431818,2.4375,2.442308,2.446429,2.45,2.453125,2.455882,2.458333,2.460526,2.45,2.452381,2.454545,2.456522,2.458333,2.46,2.461539,2.462963,2.464286,2.465517,2.466667,2.467742,2.46875,2.469697,2.470588,2.471429,2.479167,2.486486,2.493421,2.5,2.50625,2.512195,2.517857,2.523256,2.528409,2.533333,2.538043,2.542553,2.546875,2.55102,2.55,2.54902,2.552885,2.556604,2.560185,2.563636,2.5625,2.561404,2.564655,2.567797,2.570833,2.573771,2.576613,2.579365,2.582031,2.580769,2.575758,2.574627,2.571691,2.563406,2.555357,2.551056,2.546875,2.546233,2.54223,2.538333,2.534539,2.534091,,,,,,,,,,,,,,,,,,,,,,,,,,,,,,,,,,,,,,,,,,,,,,,,,,,,,,,,,,,,,,,,,,,,,,,,,,,,,,,,,,,,,,,,,,,,,,,,,,,,,,,,,,,,,,,,,,,,,,,,,,,,,,,,,,,,,,,,,,,,,,,,,,,,,,,,,,,,,,
108,2,2.1875,2.208333,2.28125,2.325,2.354167,2.375,2.390625,2.402778,2.4125,2.420455,2.427083,2.432692,2.4375,2.441667,2.445313,2.448529,2.451389,2.453947,2.45625,2.470238,2.482955,2.483696,2.484375,2.485,2.485577,2.486111,2.486607,2.487069,2.4875,2.487903,2.488281,2.488636,2.488971,2.489286,2.489583,2.489865,2.490132,2.490385,2.490625,2.490854,2.491071,2.491279,2.491477,2.491667,2.491848,2.492021,2.492188,2.492347,2.4925,2.492647,2.492789,2.492924,2.497685,2.497727,2.497768,2.502193,2.497845,2.497881,2.502083,2.506148,2.510081,2.513889,2.517578,2.513462,2.50947,2.498134,2.485294,2.478261,2.471429,2.466549,2.463542,2.460616,2.45777,2.451667,2.442434,2.436688,,,,,,,,,,,,,,,,,,,,,,,,,,,,,,,,,,,,,,,,,,,,,,,,,,,,,,,,,,,,,,,,,,,,,,,,,,,,,,,,,,,,,,,,,,,,,,,,,,,,,,,,,,,,,,,,,,,,,,,,,,,,,,,,,,,,,,,,,,,,,,,,,,,,,,,,,,,,,,
315,2.25,2.25,2.25,2.25,2.25,2.291667,2.321429,2.34375,2.333333,2.35,2.340909,2.333333,2.326923,2.321429,2.316667,2.3125,2.308824,2.319444,2.328947,2.325,2.333333,2.340909,2.336957,2.34375,2.34,2.346154,2.351852,2.348214,2.353448,2.358333,2.362903,2.367188,2.363636,2.360294,2.364286,2.368056,2.371622,2.381579,2.384615,2.3875,2.396342,2.404762,2.406977,2.414773,2.422222,2.429348,2.430851,2.432292,2.433673,2.44,2.446079,2.456731,2.466981,2.476852,2.481818,2.491071,2.5,2.5,2.5,2.5,2.495902,2.491935,2.488095,2.488281,2.492308,2.496212,2.496269,2.496324,2.496377,2.5,2.503521,2.506944,2.506849,2.505068,2.501667,2.501645,2.501623,2.501603,,,,,,,,,,,,,,,,,,,,,,,,,,,,,,,,,,,,,,,,,,,,,,,,,,,,,,,,,,,,,,,,,,,,,,,,,,,,,,,,,,,,,,,,,,,,,,,,,,,,,,,,,,,,,,,,,,,,,,,,,,,,,,,,,,,,,,,,,,,,,,,,,,,,,,,,,,,,,
336,1.75,1.625,1.583333,1.625,1.7,1.75,1.785714,1.8125,1.833333,1.85,1.863636,1.875,1.884615,1.892857,1.9,1.90625,1.911765,1.916667,1.921053,1.925,1.928571,1.931818,1.934783,1.9375,1.94,1.942308,1.944444,1.946429,1.948276,1.95,1.951613,1.953125,1.954545,1.955882,1.957143,1.958333,1.959459,1.953947,1.942308,1.9375,1.926829,1.916667,1.912791,1.90625,1.902778,1.894022,1.885638,1.877604,1.869898,1.8625,1.855392,1.848558,1.841981,1.831019,1.820455,1.810268,1.804825,1.803879,1.798729,1.79375,1.788934,1.784274,1.771825,1.767578,1.759615,1.751894,1.748134,1.744485,1.740942,1.7375,1.734155,1.730903,1.72774,1.724662,1.725,1.722039,1.720779,1.721154,1.724684,,,,,,,,,,,,,,,,,,,,,,,,,,,,,,,,,,,,,,,,,,,,,,,,,,,,,,,,,,,,,,,,,,,,,,,,,,,,,,,,,,,,,,,,,,,,,,,,,,,,,,,,,,,,,,,,,,,,,,,,,,,,,,,,,,,,,,,,,,,,,,,,,,,,,,,,,,,,
279,1.75,1.75,1.75,1.8125,1.8,1.791667,1.785714,1.8125,1.805556,1.8,1.795455,1.791667,1.807692,1.821429,1.833333,1.84375,1.852941,1.861111,1.868421,1.875,1.880952,1.886364,1.891304,1.895833,1.89,1.884615,1.87963,1.875,1.87069,1.866667,1.862903,1.859375,1.856061,1.860294,1.864286,1.868056,1.871622,1.875,1.878205,1.88125,1.884146,1.886905,1.889535,1.892045,1.894444,1.896739,1.898936,1.901042,1.903061,1.905,1.911765,1.903846,1.896226,1.884259,1.890909,1.901786,1.912281,1.913793,1.913136,1.910417,1.907787,1.905242,1.902778,1.900391,1.898077,1.895833,1.893657,1.891544,1.889493,1.8875,1.885563,1.883681,1.878425,1.876689,1.875,1.873355,1.871753,1.870192,1.868671,,,,,,,,,,,,,,,,,,,,,,,,,,,,,,,,,,,,,,,,,,,,,,,,,,,,,,,,,,,,,,,,,,,,,,,,,,,,,,,,,,,,,,,,,,,,,,,,,,,,,,,,,,,,,,,,,,,,,,,,,,,,,,,,,,,,,,,,,,,,,,,,,,,,,,,,,,,,
270,2.75,2.75,2.75,2.6875,2.6,2.5,2.5,2.484375,2.486111,2.4375,2.397727,2.364583,2.355769,2.357143,2.35,2.328125,2.323529,2.333333,2.315789,2.3,2.285714,2.284091,2.277174,2.255208,2.235,2.225961,2.226852,2.227679,2.228448,2.229167,2.229839,2.230469,2.231061,2.231618,2.232143,2.232639,2.233108,2.233553,2.233974,2.234375,2.240854,2.247024,2.264535,2.269886,2.263889,2.252717,2.242021,2.236979,2.232143,2.2275,2.223039,2.21875,2.214623,2.215278,2.215909,2.216518,2.217105,2.213362,2.213983,2.20625,2.206967,2.21371,2.222222,2.230469,2.238461,2.246212,2.238806,2.231618,2.231884,2.232143,2.230634,2.223958,2.217466,2.211149,2.208333,2.208882,2.204545,2.205128,2.205696,2.20625,,,,,,,,,,,,,,,,,,,,,,,,,,,,,,,,,,,,,,,,,,,,,,,,,,,,,,,,,,,,,,,,,,,,,,,,,,,,,,,,,,,,,,,,,,,,,,,,,,,,,,,,,,,,,,,,,,,,,,,,,,,,,,,,,,,,,,,,,,,,,,,,,,,,,,,,,,,
88,2.25,2.375,2.333333,2.375,2.4,2.416667,2.428571,2.40625,2.388889,2.4,2.409091,2.416667,2.423077,2.428571,2.433333,2.4375,2.441176,2.444444,2.447368,2.45,2.452381,2.454545,2.456522,2.458333,2.46,2.461539,2.462963,2.464286,2.465517,2.466667,2.467742,2.460938,2.454545,2.455882,2.457143,2.458333,2.45946,2.460526,2.461539,2.4625,2.463415,2.464286,2.465116,2.465909,2.466667,2.467391,2.468085,2.46875,2.469388,2.47,2.470588,2.471154,2.471698,2.472222,2.472727,2.470982,2.467105,2.459052,2.451271,2.44375,2.436476,2.429435,2.426587,2.427734,2.430769,2.435606,2.429105,2.420956,2.422101,2.423214,2.427817,2.432292,2.429795,2.427365,2.425,2.419408,2.420455,2.421474,2.416139,2.410938,,,,,,,,,,,,,,,,,,,,,,,,,,,,,,,,,,,,,,,,,,,,,,,,,,,,,,,,,,,,,,,,,,,,,,,,,,,,,,,,,,,,,,,,,,,,,,,,,,,,,,,,,,,,,,,,,,,,,,,,,,,,,,,,,,,,,,,,,,,,,,,,,,,,,,,,,,,
35,2,2,2,2,2,2,2,1.96875,1.944444,1.925,1.931818,1.9375,1.961538,1.982143,2,2.015625,2.029412,2.041667,2.052632,2.0625,2.071429,2.079545,2.086957,2.09375,2.1,2.105769,2.111111,2.107143,2.112069,2.116667,2.120968,2.125,2.128788,2.132353,2.135714,2.138889,2.141892,2.144737,2.147436,2.15,2.152439,2.154762,2.156977,2.150568,2.141667,2.127717,2.119681,2.117188,2.114796,2.1075,2.095588,2.084135,2.073113,2.0625,2.056818,2.053571,2.052632,2.047414,2.044492,2.039583,2.030738,2.018145,2.005952,1.998047,1.990385,1.982955,1.975746,1.96875,1.961957,1.955357,1.948944,1.939236,1.929795,1.920608,1.911667,1.90625,1.900974,1.892628,1.884494,1.879688,1.875,,,,,,,,,,,,,,,,,,,,,,,,,,,,,,,,,,,,,,,,,,,,,,,,,,,,,,,,,,,,,,,,,,,,,,,,,,,,,,,,,,,,,,,,,,,,,,,,,,,,,,,,,,,,,,,,,,,,,,,,,,,,,,,,,,,,,,,,,,,,,,,,,,,,,,,,,,
202,2.25,2.25,2.25,2.25,2.25,2.291667,2.321429,2.34375,2.361111,2.375,2.386364,2.395833,2.403846,2.410714,2.416667,2.421875,2.426471,2.430556,2.434211,2.4375,2.440476,2.443182,2.445652,2.447917,2.45,2.451923,2.453704,2.455357,2.456897,2.458333,2.459677,2.460938,2.462121,2.463235,2.464286,2.465278,2.472973,2.480263,2.480769,2.4875,2.493902,2.5,2.505814,2.511364,2.516667,2.521739,2.526596,2.536458,2.545918,2.55,2.553921,2.557692,2.561321,2.564815,2.568182,2.571429,2.570175,2.560345,2.550848,2.541667,2.532787,2.524194,2.515873,2.511719,2.501923,2.49053,2.483209,2.479779,2.476449,2.473214,2.47007,2.467014,2.464041,2.461149,2.458333,2.458882,2.457792,2.458333,2.455696,2.451562,2.452161,,,,,,,,,,,,,,,,,,,,,,,,,,,,,,,,,,,,,,,,,,,,,,,,,,,,,,,,,,,,,,,,,,,,,,,,,,,,,,,,,,,,,,,,,,,,,,,,,,,,,,,,,,,,,,,,,,,,,,,,,,,,,,,,,,,,,,,,,,,,,,,,,,,,,,,,,,
274,2.5,2.375,2.333333,2.3125,2.3,2.291667,2.285714,2.28125,2.277778,2.3,2.318182,2.333333,2.326923,2.321429,2.333333,2.34375,2.352941,2.361111,2.368421,2.375,2.380952,2.386364,2.391304,2.395833,2.4,2.403846,2.407408,2.410714,2.413793,2.416667,2.419355,2.421875,2.424242,2.426471,2.421429,2.416667,2.412162,2.407895,2.397436,2.3875,2.371951,2.363095,2.360465,2.357955,2.355556,2.353261,2.351064,2.348958,2.346939,2.345,2.343137,2.341346,2.339623,2.337963,2.336364,2.330357,2.324561,2.318965,2.317797,2.316667,2.307377,2.298387,2.289683,2.28125,2.273077,2.265152,2.257463,2.25,2.242754,2.235714,2.228873,2.222222,2.215753,2.20946,2.203333,2.197368,2.191558,2.185897,2.18038,2.175,2.169753,2.164634,,,,,,,,,,,,,,,,,,,,,,,,,,,,,,,,,,,,,,,,,,,,,,,,,,,,,,,,,,,,,,,,,,,,,,,,,,,,,,,,,,,,,,,,,,,,,,,,,,,,,,,,,,,,,,,,,,,,,,,,,,,,,,,,,,,,,,,,,,,,,,,,,,,,,,,,,
341,2.25,2.25,2.25,2.25,2.25,2.25,2.25,2.25,2.25,2.25,2.25,2.25,2.25,2.25,2.25,2.25,2.25,2.25,2.25,2.25,2.25,2.25,2.25,2.25,2.25,2.25,2.25,2.25,2.25,2.25,2.25,2.25,2.25,2.25,2.25,2.243056,2.243243,2.243421,2.24359,2.25,2.256098,2.261905,2.267442,2.272727,2.283333,2.293478,2.303191,2.3125,2.30102,2.295,2.289216,2.293269,2.301887,2.310185,2.318182,2.325893,2.328947,2.331897,2.334746,2.3375,2.340164,2.342742,2.345238,2.347656,2.35,2.348485,2.347015,2.345588,2.344203,2.342857,2.34507,2.350694,2.356164,2.358108,2.356667,2.355263,2.353896,2.355769,2.360759,2.360938,2.362654,2.36128,,,,,,,,,,,,,,,,,,,,,,,,,,,,,,,,,,,,,,,,,,,,,,,,,,,,,,,,,,,,,,,,,,,,,,,,,,,,,,,,,,,,,,,,,,,,,,,,,,,,,,,,,,,,,,,,,,,,,,,,,,,,,,,,,,,,,,,,,,,,,,,,,,,,,,,,,
163,2.75,2.75,2.75,2.6875,2.675,2.6875,2.696429,2.703125,2.708333,2.7125,2.715909,2.71875,2.721154,2.723214,2.725,2.726563,2.727941,2.729167,2.730263,2.73125,2.732143,2.732955,2.733696,2.734375,2.735,2.735577,2.736111,2.727679,2.728448,2.7375,2.745968,2.753906,2.761364,2.768382,2.775,2.78125,2.787162,2.792763,2.798077,2.796875,2.795732,2.794643,2.793605,2.792614,2.791667,2.790761,2.789894,2.789063,2.788265,2.7875,2.786765,2.78125,2.775943,2.766204,2.756818,2.747768,2.734649,2.726293,2.720339,2.716667,2.717213,2.717742,2.718254,2.714844,2.707692,2.704545,2.697761,2.694853,2.692029,2.696429,2.700704,2.701389,2.695205,2.689189,2.683333,2.684211,2.688312,2.692308,2.693038,2.692188,2.686728,2.681402,2.676205,,,,,,,,,,,,,,,,,,,,,,,,,,,,,,,,,,,,,,,,,,,,,,,,,,,,,,,,,,,,,,,,,,,,,,,,,,,,,,,,,,,,,,,,,,,,,,,,,,,,,,,,,,,,,,,,,,,,,,,,,,,,,,,,,,,,,,,,,,,,,,,,,,,,,,,,
192,1.75,1.5625,1.458333,1.40625,1.425,1.4375,1.482143,1.5,1.5,1.55,1.568182,1.604167,1.615385,1.651786,1.691667,1.710938,1.742647,1.784722,1.796053,1.80625,1.815476,1.846591,1.875,1.890625,1.895,1.899038,1.902778,1.897321,1.896552,1.9,1.903226,1.902344,1.897727,1.886029,1.882143,1.885417,1.888514,1.898026,1.900641,1.903125,1.911585,1.919643,1.921512,1.928977,1.936111,1.942935,1.949468,1.950521,1.951531,1.9525,1.953431,1.954327,1.955189,1.956019,1.956818,1.957589,1.958333,1.959052,1.959746,1.964583,1.969262,1.977823,1.986111,1.994141,2.001923,2.00947,2.016791,2.016544,2.012681,2.008929,2.008803,2.008681,2.001712,1.994932,1.991667,1.988487,1.98052,1.971154,1.96519,1.9625,1.959877,1.957317,1.956325,,,,,,,,,,,,,,,,,,,,,,,,,,,,,,,,,,,,,,,,,,,,,,,,,,,,,,,,,,,,,,,,,,,,,,,,,,,,,,,,,,,,,,,,,,,,,,,,,,,,,,,,,,,,,,,,,,,,,,,,,,,,,,,,,,,,,,,,,,,,,,,,,,,,,,,,
228,2.25,2.375,2.416667,2.4375,2.45,2.458333,2.464286,2.46875,2.472222,2.475,2.477273,2.479167,2.480769,2.482143,2.483333,2.484375,2.485294,2.486111,2.486842,2.4875,2.488095,2.488636,2.48913,2.489583,2.49,2.490385,2.490741,2.491071,2.491379,2.491667,2.5,2.507813,2.515152,2.522059,2.528571,2.534722,2.54054,2.546053,2.551282,2.55625,2.560976,2.565476,2.569767,2.573864,2.577778,2.581522,2.585106,2.588542,2.591837,2.595,2.598039,2.600961,2.603774,2.606482,2.604545,2.604911,2.607456,2.609914,2.612288,2.614583,2.616803,2.618952,2.621032,2.623047,2.625,2.626894,2.628731,2.630515,2.632246,2.633929,2.635563,2.637153,2.631849,2.625,2.616667,2.618421,2.613636,2.608974,2.601266,2.596875,2.592592,2.588415,2.584337,,,,,,,,,,,,,,,,,,,,,,,,,,,,,,,,,,,,,,,,,,,,,,,,,,,,,,,,,,,,,,,,,,,,,,,,,,,,,,,,,,,,,,,,,,,,,,,,,,,,,,,,,,,,,,,,,,,,,,,,,,,,,,,,,,,,,,,,,,,,,,,,,,,,,,,,
24,2.5,2.5,2.5,2.5,2.5,2.5,2.5,2.5,2.5,2.5,2.5,2.5,2.480769,2.464286,2.45,2.4375,2.419118,2.409722,2.414474,2.41875,2.422619,2.426136,2.429348,2.432292,2.435,2.4375,2.439815,2.441964,2.443965,2.445833,2.447581,2.449219,2.450758,2.452206,2.453571,2.454861,2.456081,2.457237,2.451923,2.453125,2.454268,2.455357,2.456395,2.457386,2.463889,2.470109,2.476064,2.481771,2.487245,2.4925,2.497549,2.497596,2.488208,2.479167,2.479545,2.479911,2.480263,2.476293,2.474576,2.475,2.47541,2.471774,2.472222,2.472656,2.476923,2.481061,2.481343,2.477941,2.474638,2.478571,2.480634,2.480903,2.481164,2.47973,2.476667,2.470395,2.467532,2.467949,2.462025,2.453125,2.444444,2.445122,2.441265,2.436012,,,,,,,,,,,,,,,,,,,,,,,,,,,,,,,,,,,,,,,,,,,,,,,,,,,,,,,,,,,,,,,,,,,,,,,,,,,,,,,,,,,,,,,,,,,,,,,,,,,,,,,,,,,,,,,,,,,,,,,,,,,,,,,,,,,,,,,,,,,,,,,,,,,,,,,
292,2.25,2.25,2.25,2.25,2.25,2.25,2.25,2.25,2.277778,2.3,2.295455,2.291667,2.307692,2.303571,2.316667,2.3125,2.308824,2.291667,2.289474,2.2875,2.285714,2.284091,2.282609,2.291667,2.29,2.278846,2.277778,2.267857,2.271552,2.270833,2.278226,2.285156,2.291667,2.290441,2.296429,2.302083,2.307432,2.3125,2.317308,2.321875,2.32622,2.330357,2.334302,2.338068,2.341667,2.339674,2.337766,2.341146,2.344388,2.34,2.338235,2.341346,2.34434,2.342592,2.345454,2.348214,2.350877,2.353448,2.355932,2.358333,2.360656,2.362903,2.369048,2.375,2.376923,2.375,2.373134,2.378676,2.384058,2.389286,2.394366,2.392361,2.393836,2.388514,2.386667,2.384868,2.387987,2.392628,2.400316,2.40625,2.410494,2.411585,2.412651,2.413691,,,,,,,,,,,,,,,,,,,,,,,,,,,,,,,,,,,,,,,,,,,,,,,,,,,,,,,,,,,,,,,,,,,,,,,,,,,,,,,,,,,,,,,,,,,,,,,,,,,,,,,,,,,,,,,,,,,,,,,,,,,,,,,,,,,,,,,,,,,,,,,,,,,,,,,
198,2.75,2.75,2.75,2.625,2.6,2.583333,2.642857,2.65625,2.638889,2.625,2.613636,2.625,2.615385,2.625,2.65,2.640625,2.632353,2.652778,2.657895,2.65,2.630952,2.625,2.597826,2.572917,2.56,2.548077,2.537037,2.535714,2.534483,2.525,2.516129,2.515625,2.515152,2.514706,2.514286,2.513889,2.527027,2.532895,2.532051,2.53125,2.530488,2.529762,2.52907,2.528409,2.522222,2.521739,2.521277,2.520833,2.520408,2.52,2.519608,2.519231,2.518868,2.518518,2.522727,2.526786,2.526316,2.525862,2.525424,2.525,2.532787,2.540323,2.543651,2.542969,2.538461,2.534091,2.526119,2.525735,2.528986,2.532143,2.538732,2.541667,2.537671,2.533784,2.526667,2.523026,2.51461,2.508013,2.504747,2.5,2.493827,2.487805,2.48494,2.485119,2.485294,,,,,,,,,,,,,,,,,,,,,,,,,,,,,,,,,,,,,,,,,,,,,,,,,,,,,,,,,,,,,,,,,,,,,,,,,,,,,,,,,,,,,,,,,,,,,,,,,,,,,,,,,,,,,,,,,,,,,,,,,,,,,,,,,,,,,,,,,,,,,,,,,,,,,,
280,2.25,2.25,2.166667,2.125,2.1,2.083333,2.071429,2.09375,2.111111,2.15,2.181818,2.208333,2.230769,2.25,2.266667,2.28125,2.294118,2.305556,2.315789,2.325,2.333333,2.340909,2.347826,2.354167,2.36,2.365385,2.37037,2.375,2.37931,2.391667,2.403226,2.414063,2.424242,2.426471,2.428571,2.430556,2.432432,2.434211,2.435897,2.4375,2.432927,2.428571,2.430233,2.431818,2.433333,2.434783,2.43617,2.4375,2.438776,2.44,2.441176,2.4375,2.438679,2.439815,2.436364,2.433036,2.434211,2.431035,2.427966,2.425,2.422131,2.419355,2.416667,2.414063,2.415385,2.416667,2.41791,2.419118,2.42029,2.421429,2.424296,2.428819,2.429795,2.430743,2.431667,2.429276,2.433442,2.4375,2.44462,2.451562,2.455247,2.455793,2.459337,2.465774,2.472059,,,,,,,,,,,,,,,,,,,,,,,,,,,,,,,,,,,,,,,,,,,,,,,,,,,,,,,,,,,,,,,,,,,,,,,,,,,,,,,,,,,,,,,,,,,,,,,,,,,,,,,,,,,,,,,,,,,,,,,,,,,,,,,,,,,,,,,,,,,,,,,,,,,,,,
176,2.25,2.25,2.333333,2.375,2.35,2.333333,2.321429,2.3125,2.305556,2.3,2.295455,2.291667,2.288461,2.285714,2.283333,2.28125,2.279412,2.277778,2.276316,2.275,2.273809,2.272727,2.271739,2.270833,2.27,2.269231,2.268518,2.276786,2.284483,2.291667,2.298387,2.304688,2.310606,2.316176,2.321429,2.326389,2.331081,2.335526,2.339744,2.34375,2.347561,2.351191,2.354651,2.357955,2.355556,2.342391,2.335106,2.333333,2.331633,2.33,2.328431,2.326923,2.325472,2.324074,2.322727,2.321429,2.320175,2.318965,2.317797,2.316667,2.315574,2.314516,2.313492,2.3125,2.307692,2.299242,2.294776,2.290441,2.286232,2.282143,2.278169,2.274306,2.270548,2.266892,2.263333,2.259868,2.25974,2.26282,2.259494,2.25625,2.253086,2.25,2.251506,2.248512,2.248529,2.24564,,,,,,,,,,,,,,,,,,,,,,,,,,,,,,,,,,,,,,,,,,,,,,,,,,,,,,,,,,,,,,,,,,,,,,,,,,,,,,,,,,,,,,,,,,,,,,,,,,,,,,,,,,,,,,,,,,,,,,,,,,,,,,,,,,,,,,,,,,,,,,,,,,,,,
158,2.25,2.125,2.083333,2.1875,2.25,2.291667,2.321429,2.34375,2.361111,2.375,2.386364,2.395833,2.403846,2.410714,2.416667,2.421875,2.426471,2.430556,2.434211,2.4375,2.440476,2.443182,2.445652,2.447917,2.45,2.451923,2.462963,2.473214,2.482759,2.491667,2.5,2.507813,2.515152,2.522059,2.528571,2.534722,2.54054,2.546053,2.551282,2.55625,2.560976,2.565476,2.569767,2.573864,2.577778,2.581522,2.585106,2.588542,2.591837,2.595,2.598039,2.600961,2.603774,2.606482,2.6,2.598214,2.600877,2.603448,2.605932,2.608333,2.610656,2.612903,2.615079,2.617188,2.619231,2.621212,2.615672,2.610294,2.605072,2.6,2.596831,2.595486,2.590753,2.586149,2.578333,2.570724,2.564935,2.560897,2.553797,2.54375,2.533951,2.527439,2.52259,2.519345,2.516176,2.511628,2.508621,,,,,,,,,,,,,,,,,,,,,,,,,,,,,,,,,,,,,,,,,,,,,,,,,,,,,,,,,,,,,,,,,,,,,,,,,,,,,,,,,,,,,,,,,,,,,,,,,,,,,,,,,,,,,,,,,,,,,,,,,,,,,,,,,,,,,,,,,,,,,,,,,,,,
80,2.5,2.375,2.333333,2.375,2.4,2.416667,2.428571,2.40625,2.388889,2.375,2.363636,2.354167,2.346154,2.339286,2.35,2.359375,2.367647,2.388889,2.407895,2.425,2.440476,2.465909,2.48913,2.510417,2.53,2.548077,2.564815,2.580357,2.594828,2.608333,2.620968,2.632813,2.643939,2.654412,2.664286,2.673611,2.682432,2.690789,2.698718,2.70625,2.713415,2.720238,2.726744,2.732955,2.738889,2.744565,2.75,2.755208,2.755102,2.755,2.754902,2.754808,2.754717,2.75463,2.75,2.743304,2.739035,2.730603,2.722458,2.714583,2.706967,2.699597,2.69246,2.685547,2.678846,2.672348,2.669776,2.667279,2.664855,2.6625,2.660211,2.657986,2.655822,2.655406,2.653333,2.644737,2.633117,2.628205,2.629747,2.63125,2.632716,2.631098,2.63253,2.622024,2.614706,2.610465,2.609195,,,,,,,,,,,,,,,,,,,,,,,,,,,,,,,,,,,,,,,,,,,,,,,,,,,,,,,,,,,,,,,,,,,,,,,,,,,,,,,,,,,,,,,,,,,,,,,,,,,,,,,,,,,,,,,,,,,,,,,,,,,,,,,,,,,,,,,,,,,,,,,,,,,,
149,2.25,2.4375,2.458333,2.46875,2.475,2.479167,2.482143,2.484375,2.486111,2.4875,2.488636,2.489583,2.490385,2.491071,2.491667,2.492188,2.492647,2.493056,2.493421,2.49375,2.494048,2.494318,2.48913,2.479167,2.47,2.466346,2.467592,2.46875,2.469828,2.470833,2.471774,2.472656,2.473485,2.474265,2.475,2.475694,2.476351,2.476974,2.477564,2.478125,2.478658,2.479167,2.479651,2.480114,2.480556,2.480978,2.481383,2.481771,2.482143,2.4825,2.482843,2.483173,2.48349,2.483796,2.479545,2.477679,2.47807,2.478448,2.478814,2.479167,2.479508,2.479839,2.480159,2.480469,2.478846,2.475379,2.464552,2.457721,2.45471,2.455357,2.454225,2.451389,2.441781,2.435811,2.433333,2.430921,2.426948,2.421474,2.422468,2.420312,2.408951,2.400915,2.39759,2.392857,2.391176,2.388081,2.386494,,,,,,,,,,,,,,,,,,,,,,,,,,,,,,,,,,,,,,,,,,,,,,,,,,,,,,,,,,,,,,,,,,,,,,,,,,,,,,,,,,,,,,,,,,,,,,,,,,,,,,,,,,,,,,,,,,,,,,,,,,,,,,,,,,,,,,,,,,,,,,,,,,,,
67,2.25,2.375,2.416667,2.4375,2.45,2.458333,2.464286,2.4375,2.416667,2.4,2.386364,2.395833,2.384615,2.375,2.366667,2.359375,2.367647,2.361111,2.355263,2.35,2.345238,2.340909,2.336957,2.333333,2.33,2.326923,2.333333,2.330357,2.327586,2.325,2.322581,2.328125,2.333333,2.330882,2.328571,2.326389,2.331081,2.328947,2.326923,2.325,2.323171,2.327381,2.325581,2.323864,2.322222,2.326087,2.329787,2.333333,2.336735,2.3325,2.32598,2.329327,2.334906,2.333333,2.327273,2.325893,2.324561,2.323276,2.317797,2.316667,2.319672,2.318548,2.31746,2.316406,2.311538,2.306818,2.302239,2.297794,2.293478,2.292857,2.299296,2.305556,2.308219,2.309122,2.311667,2.310855,2.310065,2.30609,2.30538,2.304688,2.304012,2.300305,2.295181,2.294643,2.294118,2.290698,2.293103,,,,,,,,,,,,,,,,,,,,,,,,,,,,,,,,,,,,,,,,,,,,,,,,,,,,,,,,,,,,,,,,,,,,,,,,,,,,,,,,,,,,,,,,,,,,,,,,,,,,,,,,,,,,,,,,,,,,,,,,,,,,,,,,,,,,,,,,,,,,,,,,,,,,
120,2.25,2.375,2.416667,2.5625,2.65,2.666667,2.678571,2.6875,2.694444,2.675,2.659091,2.645833,2.673077,2.678571,2.683333,2.6875,2.705882,2.722222,2.736842,2.7125,2.690476,2.681818,2.684783,2.677083,2.68,2.682692,2.666667,2.651786,2.637931,2.633333,2.629032,2.625,2.621212,2.617647,2.621428,2.625,2.628378,2.625,2.621795,2.61875,2.615854,2.613095,2.610465,2.613636,2.611111,2.608696,2.606383,2.604167,2.602041,2.6,2.598039,2.596154,2.59434,2.597222,2.595454,2.589286,2.587719,2.590517,2.59322,2.591667,2.590164,2.58871,2.583333,2.582031,2.584615,2.587121,2.585821,2.580882,2.576087,2.571429,2.566901,2.5625,2.558219,2.554054,2.55,2.546053,2.538961,2.535256,2.531646,2.53125,2.527778,2.52439,2.524096,2.520833,2.52353,2.526163,2.528736,,,,,,,,,,,,,,,,,,,,,,,,,,,,,,,,,,,,,,,,,,,,,,,,,,,,,,,,,,,,,,,,,,,,,,,,,,,,,,,,,,,,,,,,,,,,,,,,,,,,,,,,,,,,,,,,,,,,,,,,,,,,,,,,,,,,,,,,,,,,,,,,,,,,
334,2.25,2.1875,2.125,2.15625,2.175,2.1875,2.196429,2.203125,2.208333,2.2125,2.215909,2.21875,2.221154,2.223214,2.225,2.226563,2.227941,2.229167,2.230263,2.23125,2.232143,2.232955,2.233696,2.234375,2.235,2.235577,2.236111,2.236607,2.237069,2.2375,2.237903,2.238281,2.238636,2.238971,2.239286,2.239583,2.239865,2.240132,2.240385,2.234375,2.228658,2.223214,2.223837,2.224432,2.219445,2.214674,2.210106,2.210938,2.206633,2.2025,2.198529,2.199519,2.195755,2.19213,2.188636,2.185268,2.177632,2.165948,2.158898,2.152083,2.14959,2.139113,2.132936,2.130859,2.128846,2.123106,2.113806,2.108456,2.106884,2.105357,2.107394,2.105903,2.104452,2.10304,2.101667,2.100329,2.099026,2.094551,2.087025,2.085938,2.087963,2.08689,2.085843,2.087798,2.083823,2.078488,2.077586,2.073864,,,,,,,,,,,,,,,,,,,,,,,,,,,,,,,,,,,,,,,,,,,,,,,,,,,,,,,,,,,,,,,,,,,,,,,,,,,,,,,,,,,,,,,,,,,,,,,,,,,,,,,,,,,,,,,,,,,,,,,,,,,,,,,,,,,,,,,,,,,,,,,,,,,
357,2.25,2.3125,2.291667,2.34375,2.375,2.395833,2.410714,2.421875,2.430556,2.4375,2.465909,2.46875,2.490385,2.491071,2.508333,2.523438,2.536765,2.548611,2.559211,2.56875,2.577381,2.585227,2.581522,2.588542,2.595,2.591346,2.597222,2.59375,2.599138,2.604167,2.608871,2.613281,2.617424,2.621324,2.625,2.628472,2.631757,2.634868,2.63782,2.640625,2.643293,2.645833,2.648256,2.650568,2.652778,2.654891,2.656915,2.658854,2.660714,2.6625,2.659314,2.65625,2.653302,2.650463,2.647727,2.645089,2.642544,2.640086,2.637712,2.635417,2.633197,2.631048,2.628968,2.619141,2.609615,2.600379,2.591418,2.586397,2.588768,2.591071,2.589789,2.588542,2.587329,2.58277,2.575,2.567434,2.561688,2.557692,2.556962,2.55625,2.555556,2.551829,2.546687,2.540179,2.536765,2.536337,2.538793,2.53267,,,,,,,,,,,,,,,,,,,,,,,,,,,,,,,,,,,,,,,,,,,,,,,,,,,,,,,,,,,,,,,,,,,,,,,,,,,,,,,,,,,,,,,,,,,,,,,,,,,,,,,,,,,,,,,,,,,,,,,,,,,,,,,,,,,,,,,,,,,,,,,,,,,
119,1.75,1.9375,1.958333,2.03125,2.075,2.104167,2.125,2.140625,2.152778,2.1625,2.170455,2.177083,2.182692,2.1875,2.191667,2.195313,2.198529,2.201389,2.203947,2.20625,2.208333,2.210227,2.211957,2.213542,2.215,2.216346,2.217592,2.21875,2.219828,2.220833,2.221774,2.222656,2.223485,2.224265,2.225,2.225694,2.226351,2.226974,2.227564,2.228125,2.216463,2.199405,2.188953,2.184659,2.180556,2.165761,2.151596,2.143229,2.135204,2.1225,2.115196,2.103365,2.096698,2.085648,2.075,2.064732,2.054825,2.045259,2.03178,2.01875,2.014344,2.008065,1.996032,1.980469,1.965385,1.950758,1.94403,1.9375,1.927536,1.914286,1.90493,1.90625,1.907534,1.902027,1.893333,1.881579,1.873377,1.86859,1.863924,1.859375,1.851852,1.841463,1.834337,1.830357,1.820588,1.811046,1.801724,1.792614,,,,,,,,,,,,,,,,,,,,,,,,,,,,,,,,,,,,,,,,,,,,,,,,,,,,,,,,,,,,,,,,,,,,,,,,,,,,,,,,,,,,,,,,,,,,,,,,,,,,,,,,,,,,,,,,,,,,,,,,,,,,,,,,,,,,,,,,,,,,,,,,,,,
342,2.25,2.5,2.583333,2.625,2.65,2.666667,2.678571,2.6875,2.666667,2.675,2.659091,2.666667,2.673077,2.678571,2.683333,2.6875,2.691176,2.680556,2.671053,2.6625,2.654762,2.647727,2.652174,2.65625,2.66,2.663461,2.666667,2.669643,2.672414,2.666667,2.66129,2.65625,2.659091,2.661765,2.657143,2.652778,2.655406,2.657895,2.660256,2.6625,2.664634,2.666667,2.662791,2.659091,2.661111,2.663043,2.664894,2.661458,2.658163,2.66,2.656863,2.649039,2.64151,2.638889,2.636364,2.633929,2.631579,2.62931,2.627119,2.625,2.622951,2.618952,2.617064,2.611328,2.601923,2.592803,2.587687,2.582721,2.585145,2.5875,2.589789,2.588542,2.587329,2.58277,2.575,2.567434,2.560065,2.552885,2.552215,2.551563,2.550926,2.547256,2.542169,2.535714,2.532353,2.531977,2.534483,2.528409,,,,,,,,,,,,,,,,,,,,,,,,,,,,,,,,,,,,,,,,,,,,,,,,,,,,,,,,,,,,,,,,,,,,,,,,,,,,,,,,,,,,,,,,,,,,,,,,,,,,,,,,,,,,,,,,,,,,,,,,,,,,,,,,,,,,,,,,,,,,,,,,,,,
36,2.5,2.5,2.5,2.5,2.5,2.5,2.5,2.5,2.5,2.5,2.5,2.5,2.519231,2.5,2.5,2.5,2.514706,2.527778,2.539474,2.55,2.559524,2.568182,2.576087,2.583333,2.58,2.586539,2.592592,2.598214,2.603448,2.608333,2.612903,2.617188,2.621212,2.625,2.628572,2.631944,2.635135,2.638158,2.641026,2.64375,2.646342,2.648809,2.651163,2.659091,2.666667,2.673913,2.675532,2.671875,2.668367,2.66,2.651961,2.653846,2.648585,2.641204,2.634091,2.633929,2.635965,2.633621,2.631356,2.629167,2.631148,2.631048,2.628968,2.626953,2.625,2.623106,2.625,2.628676,2.634058,2.632143,2.632042,2.633681,2.631849,2.626689,2.625,2.623355,2.625,2.629808,2.634494,2.635937,2.634259,2.63872,2.64006,2.638393,2.639706,2.640988,2.642241,2.637784,2.630618,,,,,,,,,,,,,,,,,,,,,,,,,,,,,,,,,,,,,,,,,,,,,,,,,,,,,,,,,,,,,,,,,,,,,,,,,,,,,,,,,,,,,,,,,,,,,,,,,,,,,,,,,,,,,,,,,,,,,,,,,,,,,,,,,,,,,,,,,,,,,,,,,,
153,2.25,2.4375,2.375,2.34375,2.325,2.3125,2.303571,2.328125,2.347222,2.3625,2.375,2.385417,2.394231,2.419643,2.441667,2.429688,2.419118,2.4375,2.427632,2.43125,2.434524,2.4375,2.451087,2.453125,2.465,2.466346,2.467592,2.477679,2.478448,2.479167,2.479839,2.480469,2.481061,2.481618,2.482143,2.482639,2.483108,2.483553,2.483974,2.478125,2.472561,2.467262,2.462209,2.457386,2.452778,2.44837,2.444149,2.440104,2.436224,2.4325,2.428921,2.425481,2.42217,2.418982,2.415909,2.410714,2.412281,2.409483,2.40678,2.408333,2.409836,2.407258,2.404762,2.40625,2.407692,2.409091,2.410448,2.411765,2.42029,2.428571,2.43662,2.444444,2.452055,2.45946,2.466667,2.473684,2.48052,2.48718,2.490506,2.4875,2.484568,2.481707,2.480422,2.480655,2.477941,2.475291,2.472701,2.47017,2.469101,,,,,,,,,,,,,,,,,,,,,,,,,,,,,,,,,,,,,,,,,,,,,,,,,,,,,,,,,,,,,,,,,,,,,,,,,,,,,,,,,,,,,,,,,,,,,,,,,,,,,,,,,,,,,,,,,,,,,,,,,,,,,,,,,,,,,,,,,,,,,,,,,,
298,2.75,2.75,2.666667,2.625,2.575,2.520833,2.517857,2.484375,2.458333,2.4375,2.397727,2.364583,2.336539,2.330357,2.341667,2.351563,2.360294,2.368056,2.375,2.38125,2.386905,2.392045,2.396739,2.401042,2.405,2.408654,2.412037,2.424107,2.426724,2.429167,2.431452,2.441406,2.443182,2.444853,2.446429,2.447917,2.449324,2.450658,2.458333,2.459375,2.466463,2.473214,2.479651,2.485795,2.491667,2.497283,2.50266,2.507813,2.512755,2.5175,2.522059,2.526442,2.53066,2.530092,2.529546,2.529018,2.528509,2.528017,2.527542,2.527083,2.526639,2.52621,2.525794,2.513672,2.503846,2.496212,2.492537,2.492647,2.492754,2.492857,2.492958,2.489583,2.486301,2.481419,2.471667,2.472039,2.472403,2.472756,2.473101,2.473438,2.473765,2.471037,2.466867,2.461309,2.458823,2.454942,2.449713,2.444602,2.442416,,,,,,,,,,,,,,,,,,,,,,,,,,,,,,,,,,,,,,,,,,,,,,,,,,,,,,,,,,,,,,,,,,,,,,,,,,,,,,,,,,,,,,,,,,,,,,,,,,,,,,,,,,,,,,,,,,,,,,,,,,,,,,,,,,,,,,,,,,,,,,,,,,
206,1.75,2,2.166667,2.25,2.3,2.333333,2.357143,2.375,2.388889,2.4,2.409091,2.416667,2.423077,2.428571,2.433333,2.4375,2.441176,2.444444,2.447368,2.45,2.452381,2.454545,2.445652,2.4375,2.44,2.442308,2.444444,2.446429,2.448276,2.45,2.443548,2.4375,2.431818,2.426471,2.421429,2.416667,2.412162,2.407895,2.403846,2.4,2.396342,2.392857,2.389535,2.386364,2.383333,2.380435,2.37766,2.375,2.372449,2.37,2.367647,2.365385,2.363208,2.361111,2.354545,2.345982,2.339912,2.329741,2.319915,2.310417,2.301229,2.280242,2.267857,2.263672,2.255769,2.248106,2.23694,2.229779,2.222826,2.216071,2.209507,2.203125,2.193493,2.1875,2.181667,2.175987,2.170455,2.168269,2.162975,2.157813,2.152778,2.147866,2.14006,2.135417,2.130882,2.126453,2.122126,2.117898,2.113764,2.109722,,,,,,,,,,,,,,,,,,,,,,,,,,,,,,,,,,,,,,,,,,,,,,,,,,,,,,,,,,,,,,,,,,,,,,,,,,,,,,,,,,,,,,,,,,,,,,,,,,,,,,,,,,,,,,,,,,,,,,,,,,,,,,,,,,,,,,,,,,,,,,,,,
316,2.25,2.25,2.25,2.25,2.25,2.25,2.214286,2.1875,2.194444,2.225,2.272727,2.3125,2.326923,2.339286,2.35,2.359375,2.367647,2.375,2.381579,2.3875,2.392857,2.397727,2.391304,2.395833,2.41,2.423077,2.435185,2.428571,2.422414,2.425,2.435484,2.445313,2.439394,2.441176,2.442857,2.444444,2.445946,2.447368,2.442308,2.43125,2.420732,2.410714,2.412791,2.420455,2.427778,2.418478,2.409575,2.401042,2.397959,2.39,2.382353,2.370192,2.363208,2.356482,2.35,2.348214,2.342105,2.336207,2.334746,2.329167,2.323771,2.318548,2.313492,2.308594,2.303846,2.299242,2.294776,2.286765,2.278986,2.282143,2.285211,2.291667,2.287671,2.285473,2.288333,2.287829,2.287338,2.290064,2.292722,2.298438,2.304012,2.306402,2.308735,2.311012,2.316176,2.321221,2.323276,2.325284,2.323034,2.319444,,,,,,,,,,,,,,,,,,,,,,,,,,,,,,,,,,,,,,,,,,,,,,,,,,,,,,,,,,,,,,,,,,,,,,,,,,,,,,,,,,,,,,,,,,,,,,,,,,,,,,,,,,,,,,,,,,,,,,,,,,,,,,,,,,,,,,,,,,,,,,,,,
301,2.25,2.5,2.5,2.5625,2.65,2.708333,2.75,2.78125,2.805556,2.825,2.840909,2.854167,2.865385,2.875,2.883333,2.890625,2.897059,2.902778,2.907895,2.9125,2.916667,2.920455,2.923913,2.927083,2.92,2.923077,2.925926,2.928571,2.931035,2.933333,2.935484,2.9375,2.939394,2.933824,2.932143,2.920139,2.91554,2.911184,2.900641,2.903125,2.890244,2.880952,2.866279,2.852273,2.844445,2.847826,2.851064,2.854167,2.857143,2.86,2.862745,2.865385,2.867924,2.87037,2.872727,2.875,2.877193,2.866379,2.853814,2.84375,2.834016,2.824597,2.815476,2.810547,2.805769,2.801136,2.796642,2.795956,2.79529,2.794643,2.797535,2.800347,2.803082,2.805743,2.808333,2.810855,2.810065,2.80609,2.802215,2.8,2.799383,2.801829,2.801205,2.797619,2.794118,2.790698,2.787356,2.784091,2.783708,2.786111,2.788461,,,,,,,,,,,,,,,,,,,,,,,,,,,,,,,,,,,,,,,,,,,,,,,,,,,,,,,,,,,,,,,,,,,,,,,,,,,,,,,,,,,,,,,,,,,,,,,,,,,,,,,,,,,,,,,,,,,,,,,,,,,,,,,,,,,,,,,,,,,,,,,,
167,2.25,2.1875,2.208333,2.21875,2.275,2.3125,2.339286,2.34375,2.333333,2.35,2.363636,2.375,2.384615,2.392857,2.4,2.40625,2.411765,2.416667,2.421053,2.425,2.428571,2.431818,2.434783,2.4375,2.44,2.442308,2.444444,2.446429,2.448276,2.45,2.451613,2.453125,2.454545,2.455882,2.457143,2.458333,2.45946,2.460526,2.461539,2.4625,2.466463,2.467262,2.473837,2.480114,2.486111,2.486413,2.492021,2.497396,2.502551,2.5075,2.512255,2.516827,2.521226,2.525463,2.529546,2.533482,2.537281,2.540948,2.544492,2.547917,2.551229,2.554435,2.55754,2.556641,2.553846,2.549242,2.544776,2.540441,2.536232,2.532143,2.526408,2.522569,2.515411,2.508446,2.501667,2.495066,2.488636,2.482372,2.476266,2.470313,2.464506,2.458842,2.453313,2.447917,2.442647,2.4375,2.432471,2.427557,2.419944,2.415278,2.410714,2.40625,,,,,,,,,,,,,,,,,,,,,,,,,,,,,,,,,,,,,,,,,,,,,,,,,,,,,,,,,,,,,,,,,,,,,,,,,,,,,,,,,,,,,,,,,,,,,,,,,,,,,,,,,,,,,,,,,,,,,,,,,,,,,,,,,,,,,,,,,,,,,,,
79,2.5,2.3125,2.208333,2.21875,2.225,2.229167,2.232143,2.234375,2.236111,2.2375,2.238636,2.239583,2.240385,2.241071,2.241667,2.242188,2.242647,2.256944,2.269737,2.29375,2.315476,2.335227,2.353261,2.369792,2.385,2.399039,2.412037,2.424107,2.435345,2.445833,2.455645,2.464844,2.473485,2.481618,2.489286,2.496528,2.503378,2.509868,2.516026,2.521875,2.527439,2.532738,2.537791,2.542614,2.547222,2.55163,2.555851,2.559896,2.553571,2.555,2.558824,2.567308,2.570755,2.569444,2.568182,2.566964,2.561404,2.551724,2.54661,2.541667,2.536885,2.532258,2.527778,2.523438,2.526923,2.526515,2.526119,2.525735,2.525362,2.528571,2.533451,2.536458,2.539384,2.54223,2.545,2.541118,2.540584,2.536859,2.536392,2.535938,2.535494,2.535061,2.536144,2.538691,2.544118,2.546512,2.551724,2.556818,2.561798,2.566667,2.565934,2.565217,,,,,,,,,,,,,,,,,,,,,,,,,,,,,,,,,,,,,,,,,,,,,,,,,,,,,,,,,,,,,,,,,,,,,,,,,,,,,,,,,,,,,,,,,,,,,,,,,,,,,,,,,,,,,,,,,,,,,,,,,,,,,,,,,,,,,,,,,,,,,,,
180,2.25,2.25,2.166667,2.25,2.3,2.333333,2.357143,2.375,2.388889,2.4,2.409091,2.416667,2.423077,2.410714,2.4,2.390625,2.382353,2.388889,2.394737,2.4,2.404762,2.409091,2.413043,2.416667,2.42,2.423077,2.425926,2.428571,2.422414,2.416667,2.41129,2.40625,2.409091,2.404412,2.4,2.395833,2.391892,2.394737,2.397436,2.4,2.39939,2.401786,2.398256,2.397727,2.405555,2.407609,2.409575,2.411458,2.413265,2.415,2.416667,2.418269,2.42217,2.43287,2.434091,2.439732,2.440789,2.43319,2.434322,2.435417,2.444672,2.453629,2.462301,2.470703,2.478846,2.486742,2.48694,2.487132,2.487319,2.494643,2.50176,2.508681,2.508562,2.510135,2.513333,2.513158,2.512987,2.509615,2.509494,2.50625,2.5,2.496951,2.49247,2.489583,2.489706,2.488372,2.488506,2.488636,2.490169,2.493056,2.493132,2.495924,2.501344,,,,,,,,,,,,,,,,,,,,,,,,,,,,,,,,,,,,,,,,,,,,,,,,,,,,,,,,,,,,,,,,,,,,,,,,,,,,,,,,,,,,,,,,,,,,,,,,,,,,,,,,,,,,,,,,,,,,,,,,,,,,,,,,,,,,,,,,,,,,,,
233,2.25,2.4375,2.458333,2.53125,2.575,2.604167,2.625,2.640625,2.652778,2.6625,2.670455,2.677083,2.682692,2.6875,2.691667,2.695313,2.698529,2.701389,2.703947,2.70625,2.708333,2.710227,2.711957,2.713542,2.715,2.716346,2.717592,2.71875,2.719828,2.720833,2.705645,2.6875,2.666667,2.669118,2.667857,2.663194,2.672297,2.674342,2.669872,2.659375,2.64939,2.639881,2.648256,2.65625,2.663889,2.671196,2.678191,2.684896,2.691327,2.6975,2.703431,2.704327,2.709906,2.715278,2.720454,2.71875,2.714912,2.698276,2.686441,2.679167,2.684426,2.685484,2.68254,2.679688,2.678846,2.679924,2.68097,2.680147,2.677536,2.675,2.674296,2.675347,2.679795,2.684122,2.688333,2.692434,2.696429,2.70032,2.700949,2.701562,2.705247,2.702744,2.698795,2.696429,2.691176,2.690407,2.688218,2.68608,2.682584,2.677778,2.675824,2.673913,2.672043,,,,,,,,,,,,,,,,,,,,,,,,,,,,,,,,,,,,,,,,,,,,,,,,,,,,,,,,,,,,,,,,,,,,,,,,,,,,,,,,,,,,,,,,,,,,,,,,,,,,,,,,,,,,,,,,,,,,,,,,,,,,,,,,,,,,,,,,,,,,,,
4,1.75,1.625,1.666667,1.6875,1.7,1.708333,1.714286,1.71875,1.722222,1.725,1.727273,1.729167,1.730769,1.732143,1.733333,1.734375,1.735294,1.736111,1.736842,1.7375,1.738095,1.738636,1.73913,1.739583,1.74,1.740385,1.740741,1.741071,1.741379,1.741667,1.741935,1.742188,1.742424,1.742647,1.742857,1.743056,1.743243,1.763158,1.782051,1.8,1.817073,1.833333,1.848837,1.863636,1.877778,1.891304,1.904255,1.916667,1.923469,1.9275,1.928922,1.930288,1.926887,1.923611,1.925,1.928571,1.934211,1.935345,1.936441,1.9375,1.938525,1.935484,1.928571,1.929688,1.932692,1.933712,1.934701,1.931985,1.932971,1.926786,1.926056,1.930556,1.928082,1.929054,1.93,1.930921,1.931818,1.932692,1.93038,1.93125,1.932099,1.935976,1.936747,1.934524,1.932353,1.930233,1.925287,1.920455,1.912921,1.908333,1.903846,1.896739,1.895161,,,,,,,,,,,,,,,,,,,,,,,,,,,,,,,,,,,,,,,,,,,,,,,,,,,,,,,,,,,,,,,,,,,,,,,,,,,,,,,,,,,,,,,,,,,,,,,,,,,,,,,,,,,,,,,,,,,,,,,,,,,,,,,,,,,,,,,,,,,,,,
253,2.25,2.5,2.583333,2.625,2.65,2.666667,2.642857,2.625,2.611111,2.6,2.590909,2.583333,2.576923,2.571429,2.566667,2.5625,2.558824,2.555556,2.552632,2.55,2.547619,2.545455,2.543478,2.541667,2.54,2.538461,2.537037,2.535714,2.534483,2.533333,2.532258,2.53125,2.530303,2.529412,2.535714,2.541667,2.547297,2.542763,2.535256,2.540625,2.545732,2.550595,2.555233,2.559659,2.563889,2.567935,2.571809,2.575521,2.579082,2.5825,2.585784,2.588942,2.591981,2.594908,2.597727,2.595982,2.598684,2.592672,2.586864,2.58125,2.57582,2.570565,2.565476,2.560547,2.555769,2.551136,2.546642,2.538603,2.530797,2.523214,2.515845,2.508681,2.501712,2.494932,2.488333,2.481908,2.478896,2.472756,2.466772,2.460938,2.455247,2.449695,2.444277,2.436012,2.427941,2.420058,2.412356,2.40483,2.397472,2.390278,2.385989,2.381793,2.380376,,,,,,,,,,,,,,,,,,,,,,,,,,,,,,,,,,,,,,,,,,,,,,,,,,,,,,,,,,,,,,,,,,,,,,,,,,,,,,,,,,,,,,,,,,,,,,,,,,,,,,,,,,,,,,,,,,,,,,,,,,,,,,,,,,,,,,,,,,,,,,
288,2.5,2.5,2.583333,2.5625,2.55,2.541667,2.535714,2.5,2.472222,2.475,2.454545,2.458333,2.461539,2.464286,2.466667,2.46875,2.455882,2.444444,2.447368,2.45,2.452381,2.454545,2.456522,2.458333,2.46,2.451923,2.444444,2.4375,2.439655,2.441667,2.443548,2.445313,2.44697,2.448529,2.45,2.458333,2.466216,2.467105,2.467949,2.46875,2.469512,2.470238,2.47093,2.471591,2.472222,2.478261,2.478723,2.479167,2.484694,2.49,2.495098,2.5,2.5,2.5,2.504545,2.508929,2.513158,2.512931,2.508475,2.5,2.495902,2.491935,2.488095,2.476563,2.465385,2.458333,2.455224,2.452206,2.449275,2.446429,2.445423,2.446181,2.443493,2.440878,2.438333,2.435855,2.430195,2.427885,2.425633,2.423438,2.421296,2.419207,2.417169,2.415179,2.413235,2.411337,2.409483,2.410511,2.410112,2.408333,2.406593,2.404891,2.403226,2.401596,,,,,,,,,,,,,,,,,,,,,,,,,,,,,,,,,,,,,,,,,,,,,,,,,,,,,,,,,,,,,,,,,,,,,,,,,,,,,,,,,,,,,,,,,,,,,,,,,,,,,,,,,,,,,,,,,,,,,,,,,,,,,,,,,,,,,,,,,,,,,
216,2.75,2.75,2.75,2.6875,2.65,2.625,2.642857,2.59375,2.527778,2.525,2.5,2.458333,2.423077,2.401786,2.375,2.320313,2.286765,2.298611,2.282895,2.26875,2.255952,2.255682,2.25,2.229167,2.21,2.197115,2.189815,2.183036,2.176724,2.170833,2.173387,2.171875,2.174242,2.169118,2.164286,2.159722,2.168919,2.171053,2.166667,2.1625,2.158537,2.160714,2.156977,2.153409,2.155555,2.157609,2.159575,2.151042,2.142857,2.14,2.132353,2.129808,2.122642,2.12037,2.113636,2.107143,2.100877,2.094828,2.09322,2.095833,2.090164,2.08871,2.087301,2.085938,2.086539,2.089015,2.087687,2.086397,2.085145,2.091071,2.096831,2.105903,2.104452,2.10304,2.101667,2.106908,2.108766,2.107372,2.109177,2.107812,2.106482,2.108232,2.10994,2.111607,2.113235,2.114825,2.116379,2.115057,2.113764,2.109722,2.108516,2.10462,2.103495,2.105053,,,,,,,,,,,,,,,,,,,,,,,,,,,,,,,,,,,,,,,,,,,,,,,,,,,,,,,,,,,,,,,,,,,,,,,,,,,,,,,,,,,,,,,,,,,,,,,,,,,,,,,,,,,,,,,,,,,,,,,,,,,,,,,,,,,,,,,,,,,,,
162,2.5,2.5,2.5,2.5,2.55,2.583333,2.607143,2.625,2.638889,2.65,2.659091,2.666667,2.673077,2.678571,2.683333,2.6875,2.691176,2.694444,2.697368,2.7,2.702381,2.704545,2.706522,2.708333,2.71,2.711539,2.712963,2.696429,2.672414,2.65,2.629032,2.609375,2.590909,2.566176,2.546429,2.53125,2.516892,2.5,2.48718,2.4625,2.435976,2.413691,2.40407,2.394886,2.386111,2.377717,2.369681,2.361979,2.354592,2.3475,2.340686,2.334135,2.32783,2.331018,2.325,2.319196,2.313596,2.30819,2.302966,2.297917,2.293033,2.288306,2.279762,2.271484,2.267308,2.263258,2.266791,2.266544,2.262681,2.258929,2.260563,2.263889,2.267123,2.27027,2.273333,2.276316,2.282468,2.285256,2.291139,2.296875,2.299383,2.29878,2.301205,2.300595,2.3,2.299419,2.293103,2.286932,2.280899,2.277778,2.274725,2.274457,2.274194,2.271277,2.268421,,,,,,,,,,,,,,,,,,,,,,,,,,,,,,,,,,,,,,,,,,,,,,,,,,,,,,,,,,,,,,,,,,,,,,,,,,,,,,,,,,,,,,,,,,,,,,,,,,,,,,,,,,,,,,,,,,,,,,,,,,,,,,,,,,,,,,,,,,,,
93,2.25,2.125,2,2.0625,2.1,2.083333,2.071429,2.0625,2.083333,2.075,2.068182,2.0625,2.076923,2.071429,2.083333,2.09375,2.102941,2.111111,2.118421,2.125,2.130952,2.136364,2.141304,2.145833,2.15,2.144231,2.138889,2.142857,2.146552,2.141667,2.145161,2.148438,2.151515,2.154412,2.157143,2.152778,2.148649,2.151316,2.166667,2.18125,2.189024,2.202381,2.215116,2.215909,2.211111,2.217391,2.223404,2.229167,2.234694,2.24,2.245098,2.25,2.254717,2.259259,2.263636,2.267857,2.27193,2.275862,2.279661,2.283333,2.282787,2.284274,2.287699,2.291016,2.294231,2.297348,2.300373,2.301471,2.300725,2.296429,2.295775,2.298611,2.30137,2.304054,2.303333,2.296053,2.288961,2.285256,2.28481,2.285938,2.285494,2.282012,2.28012,2.276786,2.270588,2.267442,2.267241,2.269886,2.272472,2.263889,2.258242,2.252717,2.244624,2.236702,2.226316,2.216146,,,,,,,,,,,,,,,,,,,,,,,,,,,,,,,,,,,,,,,,,,,,,,,,,,,,,,,,,,,,,,,,,,,,,,,,,,,,,,,,,,,,,,,,,,,,,,,,,,,,,,,,,,,,,,,,,,,,,,,,,,,,,,,,,,,,,,,,,,,
77,3,3,2.916667,2.75,2.7,2.75,2.785714,2.78125,2.777778,2.775,2.772727,2.770833,2.769231,2.767857,2.766667,2.765625,2.764706,2.763889,2.763158,2.75,2.714286,2.693182,2.668478,2.630208,2.595,2.572115,2.550926,2.53125,2.512931,2.495833,2.479839,2.464844,2.450758,2.4375,2.425,2.413194,2.41554,2.417763,2.400641,2.390625,2.387195,2.383929,2.375,2.375,2.372222,2.369565,2.364362,2.356771,2.359694,2.3625,2.365196,2.367789,2.370283,2.372685,2.375,2.377232,2.379386,2.381465,2.383475,2.385417,2.387295,2.389113,2.390873,2.392578,2.390385,2.38447,2.378731,2.369485,2.36413,2.358929,2.352113,2.34375,2.339041,2.33446,2.33,2.325658,2.321429,2.317308,2.316456,2.31875,2.324074,2.32622,2.326807,2.328869,2.325,2.321221,2.317529,2.319602,2.31882,2.315278,2.306319,2.300272,2.294355,2.291223,2.285526,2.282552,,,,,,,,,,,,,,,,,,,,,,,,,,,,,,,,,,,,,,,,,,,,,,,,,,,,,,,,,,,,,,,,,,,,,,,,,,,,,,,,,,,,,,,,,,,,,,,,,,,,,,,,,,,,,,,,,,,,,,,,,,,,,,,,,,,,,,,,,,,
179,2.25,2.375,2.416667,2.4375,2.45,2.458333,2.464286,2.4375,2.416667,2.425,2.454545,2.458333,2.480769,2.5,2.516667,2.53125,2.544118,2.541667,2.539474,2.5375,2.547619,2.556818,2.554348,2.552083,2.55,2.548077,2.546296,2.553571,2.551724,2.558333,2.564516,2.570313,2.575758,2.580882,2.585714,2.590278,2.594594,2.605263,2.615385,2.625,2.628049,2.630952,2.633721,2.636364,2.638889,2.641304,2.643617,2.640625,2.637755,2.635,2.632353,2.629808,2.627358,2.625,2.622727,2.618304,2.611842,2.609914,2.610169,2.6125,2.614754,2.616935,2.619048,2.617188,2.615385,2.613636,2.61194,2.608456,2.603261,2.598214,2.596831,2.592014,2.577055,2.574324,2.573333,2.569079,2.561688,2.554487,2.556962,2.559375,2.561728,2.557927,2.554217,2.553571,2.555882,2.555233,2.551724,2.548295,2.544944,2.541667,2.538461,2.532609,2.524194,2.518617,2.514474,2.509115,,,,,,,,,,,,,,,,,,,,,,,,,,,,,,,,,,,,,,,,,,,,,,,,,,,,,,,,,,,,,,,,,,,,,,,,,,,,,,,,,,,,,,,,,,,,,,,,,,,,,,,,,,,,,,,,,,,,,,,,,,,,,,,,,,,,,,,,,,,
58,2.5,2.375,2.333333,2.4375,2.475,2.4375,2.446429,2.453125,2.458333,2.4625,2.465909,2.46875,2.471154,2.473214,2.475,2.476563,2.477941,2.479167,2.480263,2.48125,2.482143,2.482955,2.483696,2.484375,2.485,2.485577,2.486111,2.486607,2.487069,2.4875,2.487903,2.488281,2.488636,2.488971,2.489286,2.489583,2.489865,2.490132,2.490385,2.490625,2.490854,2.491071,2.491279,2.491477,2.486111,2.486413,2.486702,2.486979,2.487245,2.4925,2.497549,2.502404,2.507076,2.511574,2.515909,2.520089,2.519737,2.519397,2.519068,2.51875,2.514344,2.508065,2.496032,2.488281,2.480769,2.469697,2.458955,2.448529,2.442029,2.439286,2.440141,2.440972,2.445205,2.447635,2.445,2.439145,2.436688,2.4375,2.438291,2.439063,2.439815,2.4375,2.432229,2.427083,2.425,2.422965,2.418103,2.413352,2.405899,2.401389,2.396978,2.392663,2.388441,2.381649,2.375,2.36849,,,,,,,,,,,,,,,,,,,,,,,,,,,,,,,,,,,,,,,,,,,,,,,,,,,,,,,,,,,,,,,,,,,,,,,,,,,,,,,,,,,,,,,,,,,,,,,,,,,,,,,,,,,,,,,,,,,,,,,,,,,,,,,,,,,,,,,,,,,
78,2.5,2.5,2.416667,2.5,2.55,2.583333,2.607143,2.625,2.611111,2.6,2.613636,2.625,2.615385,2.607143,2.6,2.59375,2.588235,2.597222,2.592105,2.6,2.607143,2.613636,2.619565,2.625,2.63,2.634615,2.638889,2.642857,2.646552,2.65,2.653226,2.65625,2.659091,2.661765,2.664286,2.666667,2.668919,2.671053,2.673077,2.675,2.676829,2.678571,2.680233,2.681818,2.683333,2.684783,2.68617,2.6875,2.688776,2.69,2.691176,2.692308,2.693396,2.694444,2.686364,2.678571,2.671053,2.659483,2.65678,2.658333,2.659836,2.66129,2.662699,2.664063,2.657692,2.647727,2.630597,2.617647,2.608696,2.603571,2.596831,2.588542,2.580479,2.572635,2.565,2.557566,2.550325,2.543269,2.536392,2.529687,2.523148,2.516768,2.510542,2.504464,2.498529,2.489825,2.478448,2.47017,2.462079,2.454167,2.446429,2.438859,2.431452,2.424202,2.417105,2.410156,2.405928,,,,,,,,,,,,,,,,,,,,,,,,,,,,,,,,,,,,,,,,,,,,,,,,,,,,,,,,,,,,,,,,,,,,,,,,,,,,,,,,,,,,,,,,,,,,,,,,,,,,,,,,,,,,,,,,,,,,,,,,,,,,,,,,,,,,,,,,,,
295,2.25,2.3125,2.291667,2.34375,2.325,2.3125,2.339286,2.359375,2.375,2.3875,2.420455,2.447917,2.471154,2.473214,2.475,2.492188,2.507353,2.506944,2.506579,2.50625,2.517857,2.528409,2.527174,2.526042,2.535,2.533654,2.532408,2.53125,2.530172,2.529167,2.53629,2.542969,2.549242,2.547794,2.546429,2.545139,2.543919,2.542763,2.548077,2.546875,2.545732,2.544643,2.543605,2.542614,2.541667,2.546196,2.550532,2.559896,2.568877,2.5775,2.580882,2.579327,2.582547,2.581018,2.579545,2.582589,2.589912,2.592672,2.595339,2.597917,2.60041,2.602823,2.601191,2.603516,2.603846,2.602273,2.593284,2.588235,2.586957,2.585714,2.584507,2.583333,2.582192,2.581081,2.576667,2.575658,2.574675,2.570513,2.566456,2.565625,2.564815,2.557927,2.545181,2.532738,2.526471,2.520349,2.514368,2.514205,2.511236,2.505556,2.5,2.494565,2.486559,2.484043,2.482895,2.477865,2.472938,2.468112,,,,,,,,,,,,,,,,,,,,,,,,,,,,,,,,,,,,,,,,,,,,,,,,,,,,,,,,,,,,,,,,,,,,,,,,,,,,,,,,,,,,,,,,,,,,,,,,,,,,,,,,,,,,,,,,,,,,,,,,,,,,,,,,,,,,,,,,,
190,2.75,2.875,2.833333,2.8125,2.75,2.666667,2.678571,2.65625,2.583333,2.575,2.590909,2.604167,2.615385,2.625,2.633333,2.65625,2.661765,2.652778,2.644737,2.65,2.654762,2.659091,2.663043,2.666667,2.67,2.673077,2.675926,2.678571,2.689655,2.691667,2.693548,2.695313,2.704545,2.698529,2.692857,2.694444,2.695946,2.697368,2.698718,2.7,2.695122,2.690476,2.680233,2.676136,2.677778,2.673913,2.672872,2.664063,2.670918,2.6775,2.678921,2.680289,2.681604,2.68287,2.684091,2.685268,2.686404,2.6875,2.688559,2.689583,2.690574,2.6875,2.680556,2.681641,2.682692,2.683712,2.684701,2.685662,2.686594,2.680357,2.674296,2.664931,2.655822,2.64696,2.635,2.623355,2.61039,2.599359,2.585443,2.571875,2.558642,2.545732,2.536144,2.526786,2.520588,2.513081,2.50431,2.495739,2.48736,2.479167,2.473901,2.467391,2.459677,2.452128,2.446053,2.44401,2.439433,2.434949,,,,,,,,,,,,,,,,,,,,,,,,,,,,,,,,,,,,,,,,,,,,,,,,,,,,,,,,,,,,,,,,,,,,,,,,,,,,,,,,,,,,,,,,,,,,,,,,,,,,,,,,,,,,,,,,,,,,,,,,,,,,,,,,,,,,,,,,,
191,2.75,2.875,2.833333,2.75,2.7,2.666667,2.678571,2.6875,2.638889,2.6,2.590909,2.583333,2.576923,2.5625,2.558333,2.554688,2.566176,2.590278,2.585526,2.58125,2.565476,2.573864,2.559783,2.546875,2.535,2.528846,2.527778,2.535714,2.534483,2.533333,2.524194,2.515625,2.5,2.492647,2.492857,2.486111,2.493243,2.493421,2.480769,2.475,2.469512,2.464286,2.465116,2.460227,2.461111,2.456522,2.457447,2.458333,2.459184,2.455,2.45098,2.456731,2.462264,2.462963,2.463636,2.464286,2.464912,2.465517,2.466102,2.466667,2.463115,2.459677,2.452381,2.449219,2.45,2.450758,2.447761,2.443015,2.436594,2.433928,2.433099,2.434028,2.428082,2.425676,2.426667,2.427632,2.428571,2.429487,2.43038,2.428125,2.425926,2.426829,2.424699,2.422619,2.420588,2.421512,2.41954,2.420455,2.418539,2.413889,2.409341,2.40625,2.40457,2.402925,2.4,2.395833,2.391752,2.389031,,,,,,,,,,,,,,,,,,,,,,,,,,,,,,,,,,,,,,,,,,,,,,,,,,,,,,,,,,,,,,,,,,,,,,,,,,,,,,,,,,,,,,,,,,,,,,,,,,,,,,,,,,,,,,,,,,,,,,,,,,,,,,,,,,,,,,,,,
46,2,2,2.083333,2.125,2.15,2.166667,2.178571,2.1875,2.194444,2.2,2.204545,2.208333,2.211539,2.214286,2.216667,2.21875,2.205882,2.194444,2.197368,2.2,2.202381,2.204545,2.206522,2.208333,2.21,2.211539,2.212963,2.214286,2.215517,2.216667,2.217742,2.21875,2.219697,2.220588,2.221429,2.222222,2.222973,2.223684,2.224359,2.225,2.22561,2.226191,2.226744,2.227273,2.227778,2.217391,2.207447,2.192708,2.183673,2.175,2.171569,2.163461,2.15566,2.148148,2.140909,2.138393,2.131579,2.125,2.118644,2.1125,2.106557,2.100806,2.095238,2.089844,2.084615,2.079545,2.074627,2.069853,2.061594,2.057143,2.052817,2.048611,2.041096,2.033784,2.033333,2.032895,2.030844,2.027244,2.023734,2.020313,2.016975,2.01372,2.010542,2.007441,2.007353,2.007267,2.007184,2.007102,2.007022,2.006944,2.009615,2.01087,2.010753,2.010638,2.011842,2.014323,2.016752,2.017857,2.015152,,,,,,,,,,,,,,,,,,,,,,,,,,,,,,,,,,,,,,,,,,,,,,,,,,,,,,,,,,,,,,,,,,,,,,,,,,,,,,,,,,,,,,,,,,,,,,,,,,,,,,,,,,,,,,,,,,,,,,,,,,,,,,,,,,,,,,,,
215,2,2,2,2.0625,2.1,2.125,2.142857,2.1875,2.194444,2.2,2.227273,2.229167,2.25,2.267857,2.266667,2.265625,2.264706,2.277778,2.276316,2.2875,2.297619,2.295455,2.304348,2.302083,2.3,2.307692,2.305556,2.3125,2.318965,2.333333,2.346774,2.359375,2.371212,2.382353,2.392857,2.402778,2.412162,2.421053,2.429487,2.4375,2.445122,2.452381,2.459302,2.465909,2.472222,2.472826,2.473404,2.479167,2.484694,2.49,2.495098,2.490385,2.48349,2.474537,2.465909,2.455357,2.447368,2.435345,2.423729,2.4125,2.405738,2.403226,2.404762,2.40625,2.407692,2.409091,2.410448,2.411765,2.40942,2.407143,2.410211,2.411458,2.405822,2.398649,2.396667,2.391447,2.387987,2.389423,2.381329,2.376563,2.375,2.373476,2.375,2.373512,2.372059,2.369186,2.367816,2.360795,2.356742,2.355556,2.354396,2.353261,2.35215,2.351064,2.35,2.348958,2.347938,2.346939,2.34596,,,,,,,,,,,,,,,,,,,,,,,,,,,,,,,,,,,,,,,,,,,,,,,,,,,,,,,,,,,,,,,,,,,,,,,,,,,,,,,,,,,,,,,,,,,,,,,,,,,,,,,,,,,,,,,,,,,,,,,,,,,,,,,,,,,,,,,,
308,2.25,2.25,2.25,2.3125,2.35,2.375,2.392857,2.4375,2.444444,2.45,2.454545,2.458333,2.480769,2.5,2.516667,2.53125,2.544118,2.541667,2.552632,2.5625,2.571429,2.568182,2.576087,2.572917,2.57,2.567308,2.574074,2.580357,2.586207,2.591667,2.596774,2.601563,2.606061,2.610294,2.614286,2.611111,2.608108,2.598684,2.583333,2.575,2.567073,2.559524,2.546512,2.539773,2.538889,2.538043,2.537234,2.536458,2.535714,2.535,2.534314,2.533654,2.533019,2.532408,2.531818,2.53125,2.530702,2.530172,2.529661,2.529167,2.528688,2.528226,2.527778,2.53125,2.530769,2.526515,2.518657,2.518382,2.518116,2.517857,2.517606,2.517361,2.517123,2.52027,2.52,2.519737,2.512987,2.50641,2.496835,2.498437,2.498457,2.498476,2.501506,2.504464,2.507353,2.507267,2.507184,2.50142,2.495786,2.4875,2.482143,2.47962,2.474462,2.472075,2.467105,2.46224,2.460052,2.457908,2.453283,,,,,,,,,,,,,,,,,,,,,,,,,,,,,,,,,,,,,,,,,,,,,,,,,,,,,,,,,,,,,,,,,,,,,,,,,,,,,,,,,,,,,,,,,,,,,,,,,,,,,,,,,,,,,,,,,,,,,,,,,,,,,,,,,,,,,,,,
269,2.25,2.375,2.333333,2.375,2.4,2.416667,2.428571,2.4375,2.444444,2.45,2.454545,2.458333,2.461539,2.482143,2.5,2.5,2.5,2.5,2.5,2.5125,2.511905,2.511364,2.521739,2.53125,2.54,2.538461,2.537037,2.535714,2.543103,2.55,2.556452,2.5625,2.560606,2.558824,2.557143,2.541667,2.54054,2.539474,2.532051,2.53125,2.539634,2.550595,2.549419,2.548295,2.552778,2.557065,2.56117,2.565104,2.568877,2.5725,2.57598,2.579327,2.582547,2.585648,2.588636,2.587054,2.576754,2.571121,2.567797,2.5625,2.561476,2.560484,2.555556,2.550781,2.546154,2.541667,2.537313,2.533088,2.532609,2.532143,2.535211,2.541667,2.537671,2.530406,2.52,2.509868,2.50974,2.509615,2.506329,2.504688,2.50463,2.498476,2.495482,2.489583,2.483824,2.478198,2.475575,2.473011,2.473315,2.470833,2.476648,2.476902,2.474462,2.472075,2.469737,2.467448,2.465206,2.466837,2.469697,2.4725,,,,,,,,,,,,,,,,,,,,,,,,,,,,,,,,,,,,,,,,,,,,,,,,,,,,,,,,,,,,,,,,,,,,,,,,,,,,,,,,,,,,,,,,,,,,,,,,,,,,,,,,,,,,,,,,,,,,,,,,,,,,,,,,,,,,,,,
107,2.25,2.5,2.583333,2.6875,2.75,2.791667,2.821429,2.828125,2.819444,2.8125,2.818182,2.833333,2.826923,2.821429,2.816667,2.796875,2.779412,2.777778,2.776316,2.7625,2.75,2.738636,2.728261,2.729167,2.74,2.75,2.759259,2.767857,2.775862,2.783333,2.790323,2.796875,2.80303,2.808824,2.814286,2.819444,2.824324,2.828947,2.833333,2.8375,2.841463,2.845238,2.848837,2.852273,2.855556,2.853261,2.853723,2.851563,2.84949,2.8425,2.840686,2.834135,2.832547,2.831018,2.825,2.819196,2.813596,2.80819,2.802966,2.797917,2.793033,2.788306,2.787699,2.783203,2.778846,2.778409,2.774254,2.773897,2.773551,2.776786,2.77993,2.782986,2.785959,2.785473,2.785,2.777961,2.771104,2.767628,2.764241,2.757813,2.751543,2.751524,2.75,2.747024,2.741176,2.732558,2.724138,2.71875,2.716292,2.713889,2.714286,2.714674,2.715054,2.718085,2.718421,2.721354,2.724227,2.721939,2.719697,2.7175,,,,,,,,,,,,,,,,,,,,,,,,,,,,,,,,,,,,,,,,,,,,,,,,,,,,,,,,,,,,,,,,,,,,,,,,,,,,,,,,,,,,,,,,,,,,,,,,,,,,,,,,,,,,,,,,,,,,,,,,,,,,,,,,,,,,,,,
346,2.25,2.5,2.583333,2.625,2.65,2.666667,2.678571,2.6875,2.694444,2.7,2.704545,2.708333,2.692308,2.678571,2.666667,2.65625,2.647059,2.638889,2.631579,2.625,2.619048,2.613636,2.608696,2.604167,2.6,2.596154,2.592592,2.589286,2.586207,2.583333,2.580645,2.578125,2.575758,2.573529,2.571429,2.569444,2.574324,2.578947,2.576923,2.575,2.573171,2.571429,2.569767,2.568182,2.566667,2.570652,2.574468,2.578125,2.581633,2.585,2.588235,2.586539,2.582547,2.576389,2.575,2.573661,2.572368,2.5625,2.557203,2.55625,2.555328,2.554435,2.553571,2.552734,2.551923,2.551136,2.550373,2.549632,2.548913,2.541071,2.533451,2.526042,2.525685,2.525338,2.525,2.524671,2.521104,2.514423,2.507911,2.501563,2.49537,2.495427,2.495482,2.495536,2.495588,2.49564,2.49569,2.492898,2.488764,2.486111,2.489011,2.491848,2.494624,2.494681,2.490789,2.485677,2.478093,2.473214,2.468434,2.46875,,,,,,,,,,,,,,,,,,,,,,,,,,,,,,,,,,,,,,,,,,,,,,,,,,,,,,,,,,,,,,,,,,,,,,,,,,,,,,,,,,,,,,,,,,,,,,,,,,,,,,,,,,,,,,,,,,,,,,,,,,,,,,,,,,,,,,,
286,2.25,2.375,2.416667,2.4375,2.4,2.375,2.321429,2.34375,2.388889,2.425,2.454545,2.458333,2.461539,2.464286,2.466667,2.46875,2.470588,2.472222,2.473684,2.475,2.476191,2.477273,2.478261,2.479167,2.48,2.480769,2.481482,2.482143,2.482759,2.483333,2.483871,2.484375,2.484848,2.485294,2.485714,2.486111,2.486486,2.493421,2.5,2.50625,2.512195,2.505952,2.505814,2.505682,2.511111,2.516304,2.515957,2.520833,2.52551,2.53,2.529412,2.528846,2.528302,2.527778,2.531818,2.535714,2.535088,2.538793,2.542373,2.545833,2.536885,2.528226,2.519841,2.515625,2.513462,2.513258,2.51306,2.512868,2.512681,2.505357,2.49824,2.491319,2.484589,2.481419,2.481667,2.485197,2.488636,2.488782,2.488924,2.489063,2.489197,2.489329,2.489458,2.489583,2.489706,2.489825,2.489943,2.490057,2.490169,2.490278,2.490385,2.490489,2.490591,2.485372,2.482895,2.477865,2.472938,2.470663,2.473485,2.46875,,,,,,,,,,,,,,,,,,,,,,,,,,,,,,,,,,,,,,,,,,,,,,,,,,,,,,,,,,,,,,,,,,,,,,,,,,,,,,,,,,,,,,,,,,,,,,,,,,,,,,,,,,,,,,,,,,,,,,,,,,,,,,,,,,,,,,,
22,2.25,2.25,2.333333,2.375,2.4,2.416667,2.428571,2.40625,2.388889,2.375,2.386364,2.395833,2.346154,2.3125,2.308333,2.304688,2.316176,2.340278,2.335526,2.34375,2.363095,2.380682,2.396739,2.411458,2.425,2.4375,2.449074,2.459821,2.469828,2.479167,2.487903,2.496094,2.503788,2.511029,2.517857,2.524306,2.530406,2.536184,2.541667,2.546875,2.551829,2.556548,2.561047,2.565341,2.569444,2.57337,2.577128,2.580729,2.584184,2.5775,2.571079,2.555289,2.544811,2.539352,2.534091,2.53125,2.530702,2.525862,2.521186,2.516667,2.512295,2.512097,2.507936,2.496094,2.492308,2.484848,2.473881,2.466912,2.460145,2.457143,2.457747,2.458333,2.455479,2.452703,2.45,2.447368,2.444805,2.442308,2.439873,2.4375,2.435185,2.432927,2.430723,2.428571,2.423529,2.421512,2.41954,2.417614,2.41573,2.413889,2.412088,2.410326,2.408602,2.406915,2.405263,2.403646,2.402062,2.40051,2.39899,2.3975,2.393564,,,,,,,,,,,,,,,,,,,,,,,,,,,,,,,,,,,,,,,,,,,,,,,,,,,,,,,,,,,,,,,,,,,,,,,,,,,,,,,,,,,,,,,,,,,,,,,,,,,,,,,,,,,,,,,,,,,,,,,,,,,,,,,,,,,,,,
345,1.75,1.875,1.916667,1.9375,1.95,1.958333,1.964286,1.96875,1.972222,1.975,1.977273,1.979167,1.980769,2,2.016667,2.015625,2.014706,2.013889,2.013158,2.0125,2.011905,2.011364,2.01087,2.020833,2.02,2.019231,2.018518,2.017857,2.017241,2.016667,2.016129,2.015625,2.015152,2.014706,2.014286,2.013889,2.013514,2.013158,2.019231,2.025,2.030488,2.035714,2.040698,2.045455,2.05,2.054348,2.058511,2.0625,2.066327,2.065,2.058824,2.052885,2.04717,2.041667,2.036364,2.03125,2.02193,2.017241,2.016949,2.020833,2.020492,2.018145,2.013889,2.005859,1.998077,1.998106,1.994403,1.990809,1.987319,1.983929,1.977113,1.970486,1.964041,1.961149,1.955,1.945724,1.943182,1.940705,1.938291,1.932812,1.930556,1.928354,1.926205,1.924107,1.922059,1.922965,1.923851,1.921875,1.918539,1.916667,1.92033,1.918478,1.913978,1.909575,1.907895,1.90625,1.904639,1.90051,1.893939,1.89,1.888614,,,,,,,,,,,,,,,,,,,,,,,,,,,,,,,,,,,,,,,,,,,,,,,,,,,,,,,,,,,,,,,,,,,,,,,,,,,,,,,,,,,,,,,,,,,,,,,,,,,,,,,,,,,,,,,,,,,,,,,,,,,,,,,,,,,,,,
266,2.75,2.625,2.583333,2.5625,2.55,2.5,2.5,2.484375,2.458333,2.4875,2.465909,2.427083,2.394231,2.383929,2.391667,2.398438,2.419118,2.423611,2.427632,2.44375,2.458333,2.471591,2.494565,2.515625,2.535,2.552885,2.569444,2.584821,2.599138,2.6125,2.625,2.636719,2.647727,2.658088,2.667857,2.677083,2.685811,2.6875,2.695513,2.703125,2.710366,2.717262,2.723837,2.730114,2.736111,2.741848,2.736702,2.726563,2.727041,2.7275,2.727941,2.728365,2.728774,2.733796,2.738636,2.743304,2.747807,2.752155,2.756356,2.760417,2.764344,2.768145,2.767857,2.759766,2.751923,2.744318,2.733209,2.724265,2.717391,2.710714,2.707747,2.708333,2.708904,2.706081,2.7,2.694079,2.688312,2.682692,2.677215,2.66875,2.66358,2.658537,2.653615,2.648809,2.644118,2.642442,2.640805,2.639205,2.636236,2.631944,2.627747,2.623641,2.619624,2.615691,2.611842,2.608073,2.604382,2.598214,2.589647,2.58375,2.579208,2.57598,,,,,,,,,,,,,,,,,,,,,,,,,,,,,,,,,,,,,,,,,,,,,,,,,,,,,,,,,,,,,,,,,,,,,,,,,,,,,,,,,,,,,,,,,,,,,,,,,,,,,,,,,,,,,,,,,,,,,,,,,,,,,,,,,,,,,
182,2.25,2.125,2.083333,2.1875,2.25,2.291667,2.321429,2.328125,2.347222,2.3625,2.363636,2.354167,2.365385,2.392857,2.416667,2.421875,2.426471,2.430556,2.434211,2.4375,2.440476,2.443182,2.445652,2.447917,2.45,2.451923,2.453704,2.455357,2.456897,2.458333,2.459677,2.460938,2.462121,2.463235,2.457143,2.451389,2.445946,2.453947,2.448718,2.44375,2.445122,2.446429,2.44186,2.4375,2.433333,2.434783,2.43617,2.4375,2.438776,2.44,2.441176,2.447115,2.45283,2.458333,2.454545,2.453125,2.453947,2.454741,2.459746,2.460417,2.461066,2.465726,2.46627,2.458984,2.451923,2.452652,2.45709,2.457721,2.45471,2.448214,2.445423,2.446181,2.443493,2.440878,2.435,2.429276,2.423701,2.421474,2.412975,2.404687,2.399691,2.397866,2.394578,2.389881,2.385294,2.377907,2.373563,2.375,2.373595,2.372222,2.368132,2.362772,2.361559,2.363032,2.360526,2.356771,2.353093,2.354592,2.358586,2.355,2.353961,2.355392,2.354369,,,,,,,,,,,,,,,,,,,,,,,,,,,,,,,,,,,,,,,,,,,,,,,,,,,,,,,,,,,,,,,,,,,,,,,,,,,,,,,,,,,,,,,,,,,,,,,,,,,,,,,,,,,,,,,,,,,,,,,,,,,,,,,,,,,,
275,2.25,2.375,2.416667,2.4375,2.45,2.458333,2.464286,2.46875,2.472222,2.475,2.477273,2.479167,2.5,2.5,2.5,2.5,2.5,2.5,2.5,2.5,2.511905,2.511364,2.521739,2.53125,2.54,2.548077,2.555556,2.5625,2.568965,2.566667,2.564516,2.570313,2.575758,2.573529,2.578571,2.590278,2.601351,2.611842,2.621795,2.63125,2.640244,2.648809,2.656977,2.664773,2.672222,2.679348,2.68617,2.6875,2.688776,2.69,2.691176,2.692308,2.693396,2.694444,2.695455,2.696429,2.697368,2.698276,2.690678,2.679167,2.676229,2.677419,2.68254,2.6875,2.692308,2.69697,2.701493,2.705882,2.710145,2.696429,2.68662,2.684028,2.684932,2.6875,2.691667,2.695724,2.699675,2.703526,2.707278,2.707813,2.705247,2.699695,2.694277,2.691964,2.686765,2.684593,2.685345,2.68608,2.689607,2.693056,2.693681,2.694293,2.694892,2.692819,2.690789,2.688802,2.686856,2.686224,2.686869,2.6875,2.686881,2.680147,2.680825,2.679086,,,,,,,,,,,,,,,,,,,,,,,,,,,,,,,,,,,,,,,,,,,,,,,,,,,,,,,,,,,,,,,,,,,,,,,,,,,,,,,,,,,,,,,,,,,,,,,,,,,,,,,,,,,,,,,,,,,,,,,,,,,,,,,,,,,
252,2.75,2.75,2.75,2.75,2.75,2.75,2.785714,2.765625,2.736111,2.7125,2.681818,2.645833,2.615385,2.598214,2.591667,2.570313,2.566176,2.5625,2.532895,2.50625,2.482143,2.482955,2.472826,2.453125,2.445,2.432692,2.425926,2.410714,2.405172,2.408333,2.41129,2.414063,2.416667,2.419118,2.428571,2.430556,2.445946,2.460526,2.474359,2.48125,2.487805,2.494048,2.5,2.505682,2.511111,2.516304,2.521277,2.53125,2.535714,2.54,2.544118,2.543269,2.542453,2.541667,2.540909,2.537946,2.532895,2.523707,2.514831,2.50625,2.497951,2.481855,2.46627,2.455078,2.442308,2.42803,2.421642,2.415441,2.40942,2.403571,2.397887,2.395833,2.390411,2.388514,2.383333,2.381579,2.376623,2.375,2.370253,2.365625,2.361111,2.356707,2.35241,2.348214,2.347059,2.34593,2.341954,2.338068,2.33427,2.330555,2.326923,2.32337,2.322581,2.319149,2.315789,2.309896,2.304124,2.303571,2.29798,2.2925,2.289604,2.286765,2.283981,2.28125,2.278571,,,,,,,,,,,,,,,,,,,,,,,,,,,,,,,,,,,,,,,,,,,,,,,,,,,,,,,,,,,,,,,,,,,,,,,,,,,,,,,,,,,,,,,,,,,,,,,,,,,,,,,,,,,,,,,,,,,,,,,,,,,,,,,,,,
1,3,2.9375,2.875,2.78125,2.725,2.6875,2.696429,2.6875,2.666667,2.65,2.647727,2.65625,2.644231,2.625,2.633333,2.640625,2.647059,2.652778,2.657895,2.6625,2.666667,2.670455,2.663043,2.65625,2.66,2.663461,2.666667,2.669643,2.672414,2.675,2.677419,2.679688,2.681818,2.683824,2.685714,2.6875,2.689189,2.690789,2.692308,2.69375,2.695122,2.696429,2.697675,2.704545,2.711111,2.717391,2.723404,2.729167,2.734694,2.74,2.745098,2.745192,2.742924,2.738426,2.729545,2.729911,2.734649,2.739224,2.739407,2.74375,2.747951,2.752016,2.755952,2.751953,2.748077,2.744318,2.740672,2.737132,2.733696,2.730357,2.730634,2.734375,2.738014,2.741554,2.745,2.748355,2.75,2.75,2.75,2.742188,2.736111,2.739329,2.739458,2.736607,2.733824,2.731105,2.728448,2.731534,2.731742,2.729167,2.721154,2.71875,2.719086,2.719415,2.722368,2.72526,2.728093,2.728316,2.72601,2.72375,2.719059,2.716912,2.71966,2.719952,2.722619,,,,,,,,,,,,,,,,,,,,,,,,,,,,,,,,,,,,,,,,,,,,,,,,,,,,,,,,,,,,,,,,,,,,,,,,,,,,,,,,,,,,,,,,,,,,,,,,,,,,,,,,,,,,,,,,,,,,,,,,,,,,,,,,,,
31,2.25,2.25,2.25,2.25,2.25,2.25,2.25,2.25,2.25,2.25,2.25,2.25,2.25,2.25,2.25,2.25,2.25,2.25,2.25,2.25,2.25,2.25,2.25,2.25,2.25,2.25,2.25,2.25,2.25,2.25,2.25,2.25,2.25,2.25,2.25,2.256944,2.263514,2.269737,2.275641,2.28125,2.286585,2.291667,2.296512,2.301136,2.305556,2.309783,2.31383,2.3125,2.311224,2.31,2.308824,2.307692,2.306604,2.310185,2.313636,2.316964,2.320175,2.323276,2.326271,2.329167,2.331967,2.334677,2.337301,2.339844,2.342308,2.344697,2.347015,2.349265,2.351449,2.35,2.348592,2.347222,2.342466,2.339527,2.338333,2.333882,2.329545,2.32532,2.321203,2.317188,2.313272,2.309451,2.302711,2.299107,2.295588,2.292151,2.288793,2.285511,2.282303,2.279167,2.281593,2.283967,2.28629,2.280585,2.269737,2.259115,2.253866,2.248724,2.243687,2.23875,2.228961,2.219363,2.209951,2.200721,2.191667,2.182783,,,,,,,,,,,,,,,,,,,,,,,,,,,,,,,,,,,,,,,,,,,,,,,,,,,,,,,,,,,,,,,,,,,,,,,,,,,,,,,,,,,,,,,,,,,,,,,,,,,,,,,,,,,,,,,,,,,,,,,,,,,,,,,,,
209,2.25,2.375,2.416667,2.4375,2.45,2.458333,2.464286,2.46875,2.472222,2.475,2.477273,2.479167,2.480769,2.482143,2.483333,2.484375,2.485294,2.486111,2.486842,2.4875,2.488095,2.488636,2.483696,2.494792,2.505,2.504808,2.50463,2.504464,2.50431,2.504167,2.504032,2.503906,2.503788,2.503676,2.503572,2.503472,2.503378,2.503289,2.503205,2.503125,2.503049,2.502976,2.502907,2.502841,2.502778,2.497283,2.492021,2.486979,2.482143,2.4775,2.473039,2.473558,2.478774,2.483796,2.484091,2.484375,2.484649,2.484914,2.485169,2.485417,2.485656,2.485887,2.486111,2.486328,2.486538,2.486742,2.490672,2.494485,2.498188,2.501786,2.505282,2.508681,2.501712,2.496622,2.493333,2.493421,2.491883,2.491987,2.488924,2.485938,2.479938,2.480183,2.478916,2.476191,2.473529,2.47093,2.468391,2.465909,2.463483,2.461111,2.458791,2.456522,2.454301,2.452128,2.45,2.447917,2.445876,2.443877,2.439394,2.435,2.436881,2.439951,2.442961,2.442308,2.440476,2.438679,,,,,,,,,,,,,,,,,,,,,,,,,,,,,,,,,,,,,,,,,,,,,,,,,,,,,,,,,,,,,,,,,,,,,,,,,,,,,,,,,,,,,,,,,,,,,,,,,,,,,,,,,,,,,,,,,,,,,,,,,,,,,,,,,
129,2.25,2.5,2.5,2.5,2.5,2.5,2.5,2.5,2.5,2.5,2.5,2.5,2.5,2.5,2.5,2.5,2.5,2.5,2.5,2.5,2.5,2.488636,2.478261,2.46875,2.46,2.451923,2.444444,2.4375,2.431035,2.425,2.419355,2.410156,2.412879,2.400735,2.392857,2.388889,2.385135,2.381579,2.378205,2.375,2.378049,2.380952,2.389535,2.397727,2.405555,2.418478,2.425532,2.4375,2.44898,2.46,2.470588,2.475961,2.481132,2.486111,2.490909,2.495536,2.5,2.50431,2.508475,2.5125,2.516393,2.520161,2.523809,2.527344,2.528846,2.528409,2.524254,2.523897,2.527174,2.530357,2.533451,2.536458,2.539384,2.54223,2.545,2.544408,2.545455,2.548077,2.547468,2.545312,2.544753,2.541158,2.537651,2.537202,2.542647,2.546512,2.545977,2.542614,2.542135,2.544445,2.546703,2.548913,2.551075,2.547872,2.544737,2.541667,2.53866,2.535714,2.532828,2.53,2.527228,2.52451,2.521845,2.521635,2.519048,2.51651,,,,,,,,,,,,,,,,,,,,,,,,,,,,,,,,,,,,,,,,,,,,,,,,,,,,,,,,,,,,,,,,,,,,,,,,,,,,,,,,,,,,,,,,,,,,,,,,,,,,,,,,,,,,,,,,,,,,,,,,,,,,,,,,,
51,2.25,2.3125,2.208333,2.21875,2.225,2.229167,2.232143,2.234375,2.236111,2.2375,2.238636,2.239583,2.240385,2.241071,2.241667,2.242188,2.242647,2.243056,2.243421,2.24375,2.244048,2.244318,2.244565,2.244792,2.245,2.245192,2.24537,2.245536,2.24569,2.245833,2.245968,2.246094,2.246212,2.246324,2.246428,2.246528,2.246622,2.246711,2.246795,2.246875,2.246951,2.247024,2.247093,2.247159,2.241667,2.225543,2.210106,2.200521,2.201531,2.1975,2.198529,2.194711,2.191038,2.1875,2.184091,2.185268,2.182018,2.178879,2.180085,2.177083,2.170082,2.159274,2.152778,2.150391,2.148077,2.145833,2.147388,2.145221,2.143116,2.141071,2.139085,2.140625,2.142123,2.136824,2.131667,2.129934,2.126623,2.125,2.123418,2.121875,2.12037,2.118902,2.11747,2.116071,2.120588,2.123547,2.125,2.129261,2.133427,2.1375,2.141484,2.142663,2.143817,2.147606,2.153947,2.160156,2.16366,2.164541,2.162879,2.16125,2.162129,2.16299,2.163835,2.164664,2.165476,2.166274,,,,,,,,,,,,,,,,,,,,,,,,,,,,,,,,,,,,,,,,,,,,,,,,,,,,,,,,,,,,,,,,,,,,,,,,,,,,,,,,,,,,,,,,,,,,,,,,,,,,,,,,,,,,,,,,,,,,,,,,,,,,,,,,,
148,2.25,2.1875,2.125,2.15625,2.225,2.270833,2.303571,2.328125,2.347222,2.3625,2.375,2.385417,2.394231,2.401786,2.408333,2.414063,2.419118,2.423611,2.427632,2.43125,2.434524,2.4375,2.434783,2.427083,2.42,2.418269,2.421296,2.424107,2.426724,2.429167,2.431452,2.433594,2.435606,2.4375,2.439286,2.440972,2.442568,2.444079,2.445513,2.446875,2.448171,2.449405,2.450581,2.451705,2.452778,2.453804,2.454787,2.455729,2.456633,2.4575,2.458333,2.459135,2.459906,2.460648,2.456818,2.455357,2.45614,2.456897,2.457627,2.458333,2.459016,2.459677,2.460317,2.460938,2.461539,2.462121,2.462687,2.463235,2.463768,2.464286,2.461268,2.454861,2.44863,2.445946,2.446667,2.447368,2.448052,2.448718,2.449367,2.45,2.450617,2.45122,2.450301,2.447917,2.448529,2.449128,2.449713,2.450284,2.449438,2.447222,2.447802,2.447011,2.444892,2.44016,2.435526,2.43099,2.426546,2.422194,2.417929,2.41375,2.409653,2.405637,2.401699,2.397836,2.394048,2.39033,2.386682,2.383102,,,,,,,,,,,,,,,,,,,,,,,,,,,,,,,,,,,,,,,,,,,,,,,,,,,,,,,,,,,,,,,,,,,,,,,,,,,,,,,,,,,,,,,,,,,,,,,,,,,,,,,,,,,,,,,,,,,,,,,,,,,,,,,
271,2.25,2.5,2.583333,2.625,2.6,2.541667,2.5,2.5,2.5,2.475,2.454545,2.458333,2.5,2.535714,2.55,2.546875,2.544118,2.527778,2.526316,2.525,2.523809,2.522727,2.532609,2.541667,2.55,2.567308,2.583333,2.598214,2.603448,2.608333,2.612903,2.625,2.636364,2.647059,2.657143,2.652778,2.655406,2.638158,2.615385,2.60625,2.597561,2.589286,2.581395,2.573864,2.566667,2.559783,2.553191,2.546875,2.540816,2.54,2.539216,2.538461,2.537736,2.541667,2.545455,2.537946,2.528509,2.519397,2.519068,2.522917,2.526639,2.52621,2.513889,2.513672,2.509615,2.505682,2.501866,2.498162,2.494565,2.491071,2.491197,2.491319,2.491438,2.491554,2.481667,2.478618,2.48052,2.48718,2.490506,2.49375,2.493827,2.490854,2.49247,2.492559,2.492647,2.49564,2.498563,2.49858,2.5,2.502778,2.502747,2.505435,2.508065,2.50266,2.5,2.5,2.5,2.5,2.5,2.5,2.5,2.5,2.5,2.5,2.497619,2.495283,2.495327,2.49537,2.490826,,,,,,,,,,,,,,,,,,,,,,,,,,,,,,,,,,,,,,,,,,,,,,,,,,,,,,,,,,,,,,,,,,,,,,,,,,,,,,,,,,,,,,,,,,,,,,,,,,,,,,,,,,,,,,,,,,,,,,,,,,,,,,
168,2.25,2.125,2,2.125,2.2,2.25,2.25,2.25,2.25,2.25,2.25,2.25,2.25,2.25,2.25,2.25,2.25,2.25,2.25,2.25,2.25,2.25,2.25,2.25,2.25,2.25,2.25,2.25,2.25,2.25,2.25,2.25,2.25,2.25,2.25,2.25,2.25,2.25,2.25,2.25,2.256098,2.255952,2.261628,2.267045,2.272222,2.277174,2.281915,2.28125,2.270408,2.275,2.279412,2.283654,2.287736,2.291667,2.290909,2.296875,2.304825,2.30819,2.311441,2.314583,2.321721,2.326613,2.329365,2.332031,2.334615,2.337121,2.335821,2.341912,2.351449,2.357143,2.362676,2.364583,2.373288,2.381757,2.39,2.391447,2.392857,2.394231,2.401899,2.40625,2.407408,2.408537,2.409639,2.410714,2.417647,2.421512,2.422414,2.428977,2.432584,2.433333,2.436813,2.441576,2.447581,2.453457,2.459211,2.464844,2.470361,2.473214,2.473485,2.47375,2.475248,2.477941,2.48301,2.485577,2.488095,2.490566,2.495327,2.5,2.5,,,,,,,,,,,,,,,,,,,,,,,,,,,,,,,,,,,,,,,,,,,,,,,,,,,,,,,,,,,,,,,,,,,,,,,,,,,,,,,,,,,,,,,,,,,,,,,,,,,,,,,,,,,,,,,,,,,,,,,,,,,,,,
62,1.75,1.875,1.833333,1.9375,2,2.041667,2.071429,2.09375,2.111111,2.125,2.136364,2.145833,2.153846,2.160714,2.166667,2.171875,2.176471,2.180556,2.184211,2.1875,2.190476,2.193182,2.195652,2.197917,2.2,2.201923,2.203704,2.205357,2.206897,2.208333,2.209677,2.210938,2.212121,2.213235,2.214286,2.215278,2.216216,2.217105,2.217949,2.21875,2.219512,2.226191,2.232558,2.238636,2.244444,2.25,2.255319,2.260417,2.260204,2.26,2.259804,2.264423,2.268868,2.273148,2.277273,2.276786,2.276316,2.275862,2.275424,2.275,2.278688,2.282258,2.285714,2.289063,2.288461,2.284091,2.283582,2.28125,2.277174,2.273214,2.271127,2.270833,2.267123,2.263514,2.26,2.256579,2.253247,2.246795,2.237342,2.23125,2.222222,2.213415,2.204819,2.199405,2.197059,2.197675,2.201149,2.204545,2.205056,2.202778,2.200549,2.19837,2.196237,2.194149,2.192105,2.190104,2.188144,2.186224,2.184343,2.1825,2.180693,2.178921,2.179612,2.179086,2.177381,2.175708,2.174065,2.172454,2.170871,,,,,,,,,,,,,,,,,,,,,,,,,,,,,,,,,,,,,,,,,,,,,,,,,,,,,,,,,,,,,,,,,,,,,,,,,,,,,,,,,,,,,,,,,,,,,,,,,,,,,,,,,,,,,,,,,,,,,,,,,,,,,,
218,2,2.125,2.083333,2.125,2.15,2.125,2.107143,2.125,2.166667,2.175,2.227273,2.25,2.269231,2.285714,2.316667,2.34375,2.367647,2.388889,2.407895,2.425,2.440476,2.454545,2.467391,2.479167,2.49,2.5,2.509259,2.517857,2.525862,2.533333,2.540323,2.546875,2.55303,2.558824,2.564286,2.569444,2.574324,2.578947,2.583333,2.5875,2.585366,2.589286,2.593023,2.596591,2.6,2.603261,2.606383,2.609375,2.612245,2.615,2.617647,2.620192,2.622642,2.625,2.627273,2.625,2.622807,2.62069,2.622881,2.620833,2.614754,2.608871,2.603175,2.597656,2.592308,2.587121,2.58209,2.577206,2.572464,2.567857,2.566901,2.565972,2.565068,2.559122,2.551667,2.544408,2.540584,2.536859,2.533228,2.529687,2.526235,2.522866,2.519578,2.516369,2.513235,2.507267,2.50431,2.50142,2.498595,2.495833,2.493132,2.490489,2.487903,2.485372,2.482895,2.477865,2.475515,2.47449,2.472222,2.47,2.469059,2.469363,2.467233,2.465144,2.463095,2.461085,2.459112,2.457176,2.455275,2.453409,2.451576,,,,,,,,,,,,,,,,,,,,,,,,,,,,,,,,,,,,,,,,,,,,,,,,,,,,,,,,,,,,,,,,,,,,,,,,,,,,,,,,,,,,,,,,,,,,,,,,,,,,,,,,,,,,,,,,,,,,,,,,,,,,
277,2.25,2.25,2.166667,2.125,2.1,2.125,2.142857,2.1875,2.222222,2.275,2.318182,2.354167,2.365385,2.375,2.383333,2.40625,2.411765,2.416667,2.421053,2.425,2.440476,2.454545,2.467391,2.479167,2.48,2.480769,2.481482,2.491071,2.491379,2.491667,2.491935,2.492188,2.492424,2.492647,2.492857,2.493056,2.493243,2.493421,2.49359,2.49375,2.493902,2.494048,2.494186,2.494318,2.494444,2.494565,2.494681,2.494792,2.494898,2.495,2.495098,2.495192,2.495283,2.49537,2.495455,2.495536,2.5,2.50431,2.512712,2.516667,2.520492,2.520161,2.519841,2.523438,2.523077,2.518939,2.518657,2.518382,2.518116,2.521429,2.524648,2.527778,2.527397,2.523649,2.52,2.519737,2.51948,2.519231,2.515823,2.515625,2.515432,2.506098,2.503012,2.502976,2.502941,2.5,2.497126,2.497159,2.497191,2.497222,2.497253,2.5,2.5,2.49734,2.494737,2.494792,2.492268,2.489796,2.489899,2.4875,2.486386,2.484069,2.484223,2.481971,2.479762,2.475236,2.474299,2.472222,2.46789,2.465909,2.463964,,,,,,,,,,,,,,,,,,,,,,,,,,,,,,,,,,,,,,,,,,,,,,,,,,,,,,,,,,,,,,,,,,,,,,,,,,,,,,,,,,,,,,,,,,,,,,,,,,,,,,,,,,,,,,,,,,,,,,,,,,,,
122,1.75,2,2.083333,2.125,2.15,2.166667,2.178571,2.1875,2.194444,2.2,2.204545,2.208333,2.211539,2.214286,2.216667,2.21875,2.220588,2.222222,2.223684,2.225,2.226191,2.227273,2.228261,2.229167,2.23,2.230769,2.231482,2.232143,2.232759,2.233333,2.233871,2.234375,2.234848,2.235294,2.235714,2.236111,2.236486,2.236842,2.23718,2.2375,2.237805,2.238095,2.238372,2.238636,2.238889,2.244565,2.25,2.255208,2.260204,2.265,2.269608,2.264423,2.257076,2.252315,2.252273,2.252232,2.252193,2.252155,2.252119,2.25625,2.252049,2.247984,2.244048,2.248047,2.248077,2.244318,2.248134,2.251838,2.255435,2.258929,2.260563,2.260417,2.256849,2.255068,2.255,2.258224,2.261364,2.264423,2.264241,2.25625,2.246914,2.237805,2.228916,2.220238,2.211765,2.203488,2.198276,2.193182,2.188202,2.183333,2.178571,2.171196,2.166667,2.162234,2.157895,2.153646,2.149485,2.145408,2.141414,2.1375,2.133663,2.129902,2.126214,2.123798,2.120238,2.114387,2.108645,2.103009,2.097477,2.092046,2.086712,2.083705,2.079646,2.074561,2.069565,2.064655,,,,,,,,,,,,,,,,,,,,,,,,,,,,,,,,,,,,,,,,,,,,,,,,,,,,,,,,,,,,,,,,,,,,,,,,,,,,,,,,,,,,,,,,,,,,,,,,,,,,,,,,,,,,,,,,,,,,,,,
197,2.25,2.4375,2.375,2.40625,2.375,2.354167,2.339286,2.328125,2.319444,2.3125,2.306818,2.302083,2.298077,2.294643,2.291667,2.289063,2.272059,2.270833,2.269737,2.26875,2.267857,2.267045,2.266304,2.265625,2.265,2.264423,2.263889,2.263393,2.262931,2.2625,2.270161,2.277344,2.284091,2.290441,2.296429,2.302083,2.307432,2.3125,2.317308,2.321875,2.32622,2.324405,2.334302,2.338068,2.341667,2.345109,2.343085,2.346354,2.344388,2.3475,2.35049,2.353365,2.356132,2.358796,2.361364,2.363839,2.366228,2.368535,2.370763,2.372917,2.370902,2.377016,2.382936,2.388672,2.394231,2.399621,2.404851,2.409926,2.414855,2.416071,2.413732,2.411458,2.405822,2.400338,2.391667,2.386513,2.38474,2.383013,2.381329,2.38125,2.376543,2.375,2.373494,2.372024,2.370588,2.369186,2.367816,2.366477,2.365169,2.363889,2.362637,2.361413,2.360215,2.359043,2.357895,2.356771,2.35567,2.357143,2.356061,2.3575,2.358911,2.357843,2.359223,2.364183,2.370238,2.376179,2.379673,2.383102,2.386468,2.389773,2.393018,2.396205,2.397124,2.395833,2.394565,2.395474,,,,,,,,,,,,,,,,,,,,,,,,,,,,,,,,,,,,,,,,,,,,,,,,,,,,,,,,,,,,,,,,,,,,,,,,,,,,,,,,,,,,,,,,,,,,,,,,,,,,,,,,,,,,,,,,,,,,,,,
267,2,2,2,2,2,2,2,2,2,2,2,2,2,2,2,2,2,2,2,2,2,2,2,2,2.01,2.019231,2.027778,2.026786,2.025862,2.025,2.024194,2.023438,2.022727,2.022059,2.035714,2.055556,2.074324,2.092105,2.108974,2.125,2.134146,2.148809,2.162791,2.173295,2.180556,2.182065,2.183511,2.179688,2.186224,2.1925,2.198529,2.204327,2.209906,2.215278,2.225,2.234375,2.243421,2.252155,2.260593,2.26875,2.272541,2.280242,2.287699,2.283203,2.278846,2.278409,2.285448,2.288603,2.288043,2.2875,2.288732,2.291667,2.291096,2.29054,2.29,2.289474,2.288961,2.288461,2.287975,2.2875,2.287037,2.286585,2.286144,2.285714,2.285294,2.284884,2.284483,2.284091,2.283708,2.283333,2.282967,2.282609,2.27957,2.279255,2.278947,2.278646,2.278351,2.278061,2.277778,2.2775,2.277228,2.276961,2.276699,2.276442,2.276191,2.275943,2.275701,2.275463,2.275229,2.275,2.274775,2.274554,2.274336,2.274123,2.273913,2.273707,2.273504,,,,,,,,,,,,,,,,,,,,,,,,,,,,,,,,,,,,,,,,,,,,,,,,,,,,,,,,,,,,,,,,,,,,,,,,,,,,,,,,,,,,,,,,,,,,,,,,,,,,,,,,,,,,,,,,,,,,,,
268,2.25,2.5,2.666667,2.75,2.75,2.75,2.75,2.75,2.75,2.75,2.727273,2.708333,2.673077,2.642857,2.616667,2.609375,2.602941,2.597222,2.592105,2.5875,2.583333,2.590909,2.597826,2.604167,2.62,2.634615,2.638889,2.633929,2.62931,2.625,2.620968,2.617188,2.621212,2.625,2.625,2.628472,2.638514,2.648026,2.657051,2.659375,2.661585,2.669643,2.677325,2.684659,2.691667,2.69837,2.704787,2.710938,2.716837,2.7175,2.718137,2.71875,2.71934,2.719908,2.720454,2.714286,2.70614,2.689655,2.682203,2.683333,2.680328,2.681452,2.68254,2.683594,2.684615,2.685606,2.686567,2.6875,2.688406,2.689286,2.691901,2.696181,2.700342,2.697635,2.698333,2.702303,2.701299,2.698718,2.696203,2.69375,2.691358,2.685976,2.683735,2.684524,2.685294,2.686047,2.689655,2.6875,2.685393,2.688889,2.68956,2.686141,2.681452,2.679521,2.677632,2.673177,2.668814,2.667092,2.667929,2.66375,2.657178,2.650735,2.646845,2.643029,2.639286,2.635613,2.632009,2.628472,2.625,2.621591,2.618243,2.614955,2.611726,2.60636,2.601087,2.59806,2.597222,2.592161,2.589286,2.586458,,,,,,,,,,,,,,,,,,,,,,,,,,,,,,,,,,,,,,,,,,,,,,,,,,,,,,,,,,,,,,,,,,,,,,,,,,,,,,,,,,,,,,,,,,,,,,,,,,,,,,,,,,,,,,,,,,,
234,2.25,2.375,2.5,2.5625,2.6,2.625,2.642857,2.609375,2.569444,2.5625,2.556818,2.552083,2.548077,2.526786,2.508333,2.492188,2.477941,2.479167,2.480263,2.48125,2.482143,2.482955,2.483696,2.484375,2.485,2.485577,2.486111,2.486607,2.487069,2.4875,2.487903,2.488281,2.488636,2.488971,2.489286,2.489583,2.489865,2.490132,2.490385,2.490625,2.490854,2.491071,2.479651,2.46875,2.458333,2.459239,2.460106,2.460938,2.461735,2.4625,2.463235,2.463942,2.464623,2.465278,2.470454,2.470982,2.471491,2.467672,2.466102,2.466667,2.467213,2.467742,2.464286,2.457031,2.45,2.44697,2.447761,2.446691,2.447464,2.448214,2.448944,2.449653,2.446918,2.442568,2.436667,2.4375,2.438312,2.439103,2.439873,2.440625,2.441358,2.435976,2.430723,2.425595,2.420588,2.418605,2.416667,2.411932,2.408708,2.406945,2.402472,2.398098,2.393817,2.389628,2.385526,2.38151,2.380155,2.377551,2.373737,2.37,2.366337,2.362745,2.359223,2.355769,2.352381,2.349057,2.348131,2.347222,2.34633,2.345454,2.344594,2.34375,2.340708,2.337719,2.336957,2.338362,2.34188,2.338983,2.336134,2.333333,2.332645,,,,,,,,,,,,,,,,,,,,,,,,,,,,,,,,,,,,,,,,,,,,,,,,,,,,,,,,,,,,,,,,,,,,,,,,,,,,,,,,,,,,,,,,,,,,,,,,,,,,,,,,,,,,,,,,,,
320,2.25,2.4375,2.375,2.40625,2.425,2.4375,2.446429,2.421875,2.402778,2.4125,2.420455,2.40625,2.394231,2.366071,2.375,2.382813,2.389706,2.395833,2.401316,2.40625,2.398809,2.392045,2.396739,2.401042,2.405,2.408654,2.412037,2.415179,2.418103,2.420833,2.423387,2.425781,2.42803,2.430147,2.432143,2.434028,2.435811,2.430921,2.426282,2.428125,2.429878,2.431548,2.43314,2.434659,2.430556,2.42663,2.422872,2.429688,2.436224,2.4375,2.438725,2.444711,2.445755,2.446759,2.452273,2.457589,2.462719,2.467672,2.472458,2.472917,2.473361,2.47379,2.470238,2.466797,2.463462,2.460227,2.45709,2.454044,2.451087,2.451786,2.452465,2.453125,2.453767,2.454392,2.458333,2.462171,2.465909,2.472756,2.47943,2.485938,2.492284,2.498476,2.501506,2.501488,2.501471,2.501453,2.501437,2.507102,2.51264,2.518055,2.523352,2.525815,2.528226,2.527925,2.526316,2.523438,2.523196,2.52551,2.530303,2.5275,2.524752,2.522059,2.519418,2.516827,2.514286,2.511792,2.509346,2.506944,2.504587,2.502273,2.5,2.497768,2.495575,2.493421,2.491304,2.489224,2.48718,2.485169,2.483193,2.48125,2.479339,2.477459,,,,,,,,,,,,,,,,,,,,,,,,,,,,,,,,,,,,,,,,,,,,,,,,,,,,,,,,,,,,,,,,,,,,,,,,,,,,,,,,,,,,,,,,,,,,,,,,,,,,,,,,,,,,,,,,,
214,2.75,2.75,2.75,2.75,2.75,2.75,2.785714,2.8125,2.833333,2.85,2.863636,2.875,2.884615,2.892857,2.9,2.90625,2.911765,2.916667,2.921053,2.925,2.928571,2.931818,2.934783,2.9375,2.94,2.942308,2.944444,2.946429,2.948276,2.941667,2.935484,2.921875,2.901515,2.882353,2.857143,2.833333,2.824324,2.815789,2.801282,2.78125,2.762195,2.75,2.744186,2.744318,2.75,2.744565,2.736702,2.721354,2.706633,2.7025,2.703431,2.704327,2.700472,2.69213,2.693182,2.694196,2.686404,2.6875,2.688559,2.689583,2.694672,2.699597,2.704365,2.708984,2.709615,2.710227,2.70709,2.702206,2.695652,2.689286,2.684859,2.685764,2.683219,2.684122,2.688333,2.692434,2.696429,2.70032,2.704114,2.707813,2.71142,2.71189,2.712349,2.715774,2.719118,2.71657,2.711207,2.705966,2.702247,2.7,2.695055,2.690217,2.685484,2.68617,2.686842,2.684896,2.68299,2.678571,2.674242,2.67,2.665842,2.661765,2.657767,2.653846,2.65,2.646226,2.642523,2.638889,2.635321,2.631818,2.628378,2.625,2.623894,2.620614,2.617391,2.609914,2.604701,2.597458,2.592437,2.5875,2.584711,2.584016,2.587398,2.590726,,,,,,,,,,,,,,,,,,,,,,,,,,,,,,,,,,,,,,,,,,,,,,,,,,,,,,,,,,,,,,,,,,,,,,,,,,,,,,,,,,,,,,,,,,,,,,,,,,,,,,,,,,,,,,,
124,2,2.3125,2.291667,2.34375,2.375,2.354167,2.303571,2.265625,2.236111,2.2125,2.193182,2.177083,2.221154,2.258929,2.275,2.257813,2.242647,2.256944,2.282895,2.29375,2.279762,2.267045,2.266304,2.265625,2.275,2.283654,2.291667,2.299107,2.306035,2.3125,2.318548,2.324219,2.329545,2.334559,2.339286,2.34375,2.347973,2.351974,2.349359,2.346875,2.35061,2.354167,2.357558,2.360795,2.363889,2.366848,2.369681,2.372396,2.375,2.3775,2.379902,2.382211,2.384434,2.386574,2.384091,2.381696,2.383772,2.385776,2.387712,2.389583,2.391393,2.393145,2.394841,2.396484,2.398077,2.399621,2.401119,2.402574,2.403986,2.405357,2.40669,2.407986,2.409247,2.410473,2.411667,2.409539,2.409091,2.410256,2.411392,2.4125,2.41358,2.414634,2.414157,2.412202,2.413235,2.414244,2.41523,2.410511,2.408708,2.409722,2.410714,2.411685,2.412634,2.410904,2.410526,2.411458,2.409794,2.403061,2.39899,2.4,2.40099,2.401961,2.398058,2.394231,2.390476,2.386792,2.383178,2.381944,2.37844,2.375,2.371622,2.368304,2.365044,2.361842,2.358696,2.356681,2.355769,2.350636,2.347689,2.342708,2.33781,2.332992,2.330285,2.327621,,,,,,,,,,,,,,,,,,,,,,,,,,,,,,,,,,,,,,,,,,,,,,,,,,,,,,,,,,,,,,,,,,,,,,,,,,,,,,,,,,,,,,,,,,,,,,,,,,,,,,,,,,,,,,,
57,2.75,2.8125,2.791667,2.78125,2.7,2.666667,2.678571,2.671875,2.597222,2.5375,2.534091,2.53125,2.509615,2.517857,2.516667,2.484375,2.455882,2.458333,2.460526,2.4625,2.452381,2.465909,2.478261,2.46875,2.48,2.495192,2.513889,2.513393,2.512931,2.5125,2.512097,2.511719,2.503788,2.518382,2.521429,2.513889,2.513514,2.513158,2.50641,2.5125,2.518293,2.523809,2.52907,2.534091,2.538889,2.543478,2.547872,2.546875,2.530612,2.5275,2.526961,2.53125,2.533019,2.532408,2.531818,2.529018,2.524123,2.528017,2.523305,2.527083,2.530738,2.534274,2.541667,2.548828,2.551923,2.554924,2.557836,2.560662,2.563406,2.569643,2.573944,2.576389,2.575342,2.577703,2.58,2.578947,2.579545,2.57532,2.571203,2.56875,2.567901,2.570122,2.575301,2.580357,2.579412,2.578488,2.577586,2.576705,2.575843,2.575,2.574176,2.577446,2.579301,2.581117,2.582895,2.584635,2.58634,2.590561,2.594697,2.59375,2.594059,2.595588,2.599514,2.603365,2.604762,2.603774,2.603972,2.603009,2.599771,2.595454,2.592342,2.589286,2.587389,2.586623,2.58587,2.585129,2.584402,2.583686,2.585084,2.586458,2.58781,2.589139,2.586382,2.583669,2.581,,,,,,,,,,,,,,,,,,,,,,,,,,,,,,,,,,,,,,,,,,,,,,,,,,,,,,,,,,,,,,,,,,,,,,,,,,,,,,,,,,,,,,,,,,,,,,,,,,,,,,,,,,,,,,
281,2.25,2.125,2.083333,2.0625,2.1,2.125,2.142857,2.125,2.111111,2.1,2.090909,2.083333,2.076923,2.071429,2.066667,2.0625,2.058824,2.055556,2.052632,2.05,2.047619,2.045455,2.043478,2.041667,2.04,2.048077,2.055556,2.0625,2.068965,2.075,2.080645,2.078125,2.075758,2.073529,2.071429,2.069444,2.067568,2.065789,2.064103,2.0625,2.067073,2.071429,2.081395,2.090909,2.1,2.108696,2.117021,2.125,2.132653,2.14,2.147059,2.158654,2.165094,2.171296,2.177273,2.1875,2.192982,2.198276,2.20339,2.208333,2.213115,2.217742,2.222222,2.226563,2.226923,2.223485,2.227612,2.231618,2.235507,2.239286,2.242958,2.246528,2.25,2.25,2.246667,2.25,2.253247,2.25641,2.259494,2.2625,2.265432,2.262195,2.259036,2.255952,2.252941,2.25,2.247126,2.244318,2.241573,2.241667,2.239011,2.23913,2.239247,2.236702,2.23421,2.234375,2.234536,2.232143,2.229798,2.2275,2.225248,2.223039,2.220874,2.21875,2.219048,2.216981,2.214953,2.212963,2.211009,2.209091,2.207207,2.203125,2.199115,2.197368,2.195652,2.196121,2.194444,2.194915,2.194328,2.192708,2.191116,2.189549,2.188008,2.186492,2.185,2.183532,2.182087,,,,,,,,,,,,,,,,,,,,,,,,,,,,,,,,,,,,,,,,,,,,,,,,,,,,,,,,,,,,,,,,,,,,,,,,,,,,,,,,,,,,,,,,,,,,,,,,,,,,,,,,,,,,
164,2.25,2.25,2.333333,2.375,2.45,2.541667,2.607143,2.65625,2.694444,2.725,2.75,2.770833,2.788461,2.803571,2.816667,2.828125,2.838235,2.847222,2.855263,2.8625,2.869048,2.875,2.880435,2.885417,2.89,2.894231,2.898148,2.883929,2.87931,2.883333,2.887097,2.890625,2.893939,2.897059,2.9,2.902778,2.905406,2.907895,2.910256,2.90625,2.89939,2.889881,2.880814,2.872159,2.858333,2.845109,2.821809,2.799479,2.793367,2.785,2.77451,2.769231,2.768868,2.768518,2.759091,2.75,2.741228,2.728448,2.720339,2.716667,2.713115,2.705645,2.698413,2.691406,2.686538,2.679924,2.673507,2.670956,2.672101,2.669643,2.670775,2.675347,2.679795,2.680743,2.681667,2.682566,2.686688,2.690705,2.69462,2.698437,2.702161,2.705793,2.706325,2.709821,2.713235,2.710756,2.70546,2.703125,2.699438,2.7,2.697802,2.692935,2.688172,2.68883,2.688158,2.686198,2.689433,2.690051,2.688131,2.68875,2.690594,2.693627,2.694175,2.69351,2.691667,2.689858,2.690421,2.693287,2.691514,2.689773,2.688063,2.690848,2.691372,2.689693,2.688044,2.688578,2.691239,2.691737,2.691176,2.689583,2.688016,2.6875,2.690041,2.69254,2.695,2.697421,2.699803,,,,,,,,,,,,,,,,,,,,,,,,,,,,,,,,,,,,,,,,,,,,,,,,,,,,,,,,,,,,,,,,,,,,,,,,,,,,,,,,,,,,,,,,,,,,,,,,,,,,,,,,,,,,
94,2.5,2.375,2.333333,2.4375,2.5,2.541667,2.571429,2.59375,2.611111,2.6,2.579545,2.552083,2.567308,2.580357,2.591667,2.601563,2.610294,2.618056,2.625,2.64375,2.660714,2.676136,2.679348,2.682292,2.685,2.6875,2.689815,2.691964,2.685345,2.679167,2.673387,2.667969,2.670455,2.672794,2.675,2.677083,2.679054,2.680921,2.682692,2.684375,2.685976,2.6875,2.688953,2.690341,2.691667,2.6875,2.683511,2.679688,2.670918,2.6675,2.664216,2.661058,2.658019,2.655092,2.652273,2.649554,2.64693,2.644397,2.641949,2.639583,2.645492,2.643145,2.632936,2.630859,2.632692,2.638258,2.643657,2.647059,2.648551,2.646429,2.644366,2.642361,2.640411,2.636824,2.638333,2.636513,2.63474,2.633013,2.628165,2.620312,2.612654,2.61128,2.60994,2.605655,2.595588,2.59157,2.590517,2.589489,2.582865,2.576389,2.575549,2.572011,2.568548,2.567819,2.567105,2.566406,2.568299,2.568877,2.565657,2.57,2.574257,2.578431,2.580097,2.582933,2.586905,2.590802,2.59229,2.591435,2.590596,2.589773,2.588964,2.590402,2.590708,2.587719,2.584783,2.582974,2.582265,2.581568,2.581933,2.58125,2.580579,2.579918,2.579268,2.580645,2.583,2.586309,2.589567,,,,,,,,,,,,,,,,,,,,,,,,,,,,,,,,,,,,,,,,,,,,,,,,,,,,,,,,,,,,,,,,,,,,,,,,,,,,,,,,,,,,,,,,,,,,,,,,,,,,,,,,,,,,
238,2.75,2.6875,2.541667,2.46875,2.475,2.520833,2.553571,2.578125,2.597222,2.6125,2.625,2.635417,2.625,2.598214,2.558333,2.554688,2.566176,2.576389,2.585526,2.59375,2.601191,2.596591,2.603261,2.609375,2.615,2.620192,2.615741,2.620536,2.625,2.629167,2.625,2.617188,2.606061,2.610294,2.614286,2.618056,2.621622,2.625,2.628205,2.63125,2.634146,2.636905,2.639535,2.642045,2.644444,2.646739,2.648936,2.651042,2.653061,2.655,2.656863,2.658654,2.660377,2.662037,2.663636,2.660714,2.649123,2.642241,2.639831,2.641667,2.643443,2.645161,2.646825,2.648438,2.646154,2.640152,2.641791,2.643382,2.644928,2.65,2.65493,2.659722,2.664384,2.66723,2.668333,2.666118,2.659091,2.650641,2.642405,2.6375,2.635803,2.628049,2.620482,2.616071,2.614706,2.611919,2.610632,2.606534,2.602528,2.598611,2.59478,2.59375,2.59543,2.591755,2.588158,2.584635,2.581186,2.577806,2.574495,2.57125,2.568069,2.564951,2.561893,2.558894,2.555952,2.553066,2.550234,2.547454,2.544725,2.542045,2.539414,2.53683,2.534292,2.531798,2.529348,2.52694,2.524573,2.522246,2.519958,2.517708,2.515496,2.51332,2.513211,2.515121,2.514,2.511905,2.511811,,,,,,,,,,,,,,,,,,,,,,,,,,,,,,,,,,,,,,,,,,,,,,,,,,,,,,,,,,,,,,,,,,,,,,,,,,,,,,,,,,,,,,,,,,,,,,,,,,,,,,,,,,,,
20,2.5,2.5,2.5,2.5,2.5,2.5,2.5,2.5,2.5,2.5,2.5,2.5,2.461539,2.4375,2.425,2.398438,2.389706,2.381944,2.348684,2.33125,2.315476,2.323864,2.331522,2.338542,2.345,2.350961,2.356482,2.361607,2.366379,2.370833,2.375,2.378906,2.382576,2.386029,2.389286,2.392361,2.39527,2.398026,2.394231,2.396875,2.39939,2.401786,2.40407,2.40625,2.413889,2.421196,2.428191,2.434896,2.441327,2.4425,2.443627,2.449519,2.455189,2.460648,2.465909,2.470982,2.475877,2.480603,2.485169,2.489583,2.493852,2.497984,2.498016,2.494141,2.492308,2.484848,2.477612,2.474265,2.471014,2.467857,2.464789,2.461806,2.458904,2.456081,2.45,2.440789,2.435065,2.432692,2.43038,2.428125,2.425926,2.417683,2.411144,2.412202,2.410294,2.40843,2.406609,2.40767,2.405899,2.404167,2.402472,2.400815,2.396505,2.394947,2.393421,2.391927,2.390464,2.389031,2.387626,2.38625,2.384901,2.383579,2.382282,2.38101,2.377381,2.376179,2.375,2.373842,2.372706,2.371591,2.370496,2.36942,2.368363,2.367325,2.366304,2.365302,2.364316,2.363348,2.362395,2.361458,2.360537,2.359631,2.35874,2.357863,2.357,2.356151,2.359252,2.360352,,,,,,,,,,,,,,,,,,,,,,,,,,,,,,,,,,,,,,,,,,,,,,,,,,,,,,,,,,,,,,,,,,,,,,,,,,,,,,,,,,,,,,,,,,,,,,,,,,,,,,,,,,,
217,2.25,2.3125,2.291667,2.28125,2.275,2.270833,2.267857,2.296875,2.319444,2.3375,2.352273,2.364583,2.375,2.383929,2.391667,2.414063,2.433824,2.451389,2.467105,2.48125,2.494048,2.505682,2.516304,2.526042,2.535,2.543269,2.550926,2.558036,2.564655,2.570833,2.576613,2.582031,2.587121,2.591912,2.596429,2.600694,2.60473,2.608553,2.61218,2.615625,2.618902,2.622024,2.630814,2.639205,2.647222,2.654891,2.662234,2.669271,2.67602,2.6775,2.678921,2.680289,2.686321,2.69213,2.697727,2.703125,2.708333,2.713362,2.713983,2.710417,2.706967,2.707661,2.712301,2.712891,2.709615,2.710227,2.714552,2.71875,2.722826,2.726786,2.730634,2.734375,2.734589,2.738176,2.738333,2.738487,2.732143,2.725961,2.719937,2.715625,2.716049,2.716463,2.715361,2.712798,2.713235,2.715116,2.718391,2.721591,2.72191,2.719445,2.717033,2.717391,2.72043,2.718085,2.718421,2.721354,2.724227,2.723214,2.72096,2.71875,2.716584,2.714461,2.717233,2.717548,2.715476,2.71816,2.720794,2.72338,2.723624,2.725,2.727478,2.729911,2.730088,2.72807,2.730435,2.732759,2.735043,2.735169,2.733193,2.729167,2.725207,2.72541,2.727642,2.72379,2.72,2.71627,2.714567,2.712891,2.71124,,,,,,,,,,,,,,,,,,,,,,,,,,,,,,,,,,,,,,,,,,,,,,,,,,,,,,,,,,,,,,,,,,,,,,,,,,,,,,,,,,,,,,,,,,,,,,,,,,,,,,,,,,
118,2.25,2.375,2.416667,2.4375,2.45,2.458333,2.5,2.5,2.5,2.5,2.5,2.5,2.5,2.5,2.5,2.5,2.5,2.5,2.5,2.5,2.5,2.511364,2.521739,2.53125,2.55,2.557692,2.564815,2.571429,2.577586,2.583333,2.58871,2.59375,2.598485,2.602941,2.6,2.597222,2.601351,2.605263,2.608974,2.6125,2.615854,2.619048,2.622093,2.625,2.627778,2.630435,2.632979,2.635417,2.637755,2.64,2.642157,2.644231,2.646226,2.648148,2.65,2.651786,2.653509,2.655172,2.65678,2.658333,2.659836,2.66129,2.65873,2.652344,2.65,2.651515,2.641791,2.632353,2.626812,2.628572,2.62324,2.611111,2.60274,2.594594,2.586667,2.582237,2.577922,2.570513,2.566456,2.564063,2.560185,2.556402,2.552711,2.549107,2.545588,2.542151,2.538793,2.541193,2.539326,2.533333,2.527472,2.521739,2.518817,2.515957,2.513158,2.510417,2.507732,2.505102,2.50505,2.5,2.498762,2.498775,2.493932,2.491586,2.489286,2.487028,2.484813,2.482639,2.480505,2.476136,2.474099,2.472098,2.470133,2.468202,2.466304,2.46444,2.462607,2.460805,2.459034,2.457292,2.457645,2.457992,2.458333,2.456653,2.455,2.455357,2.457677,2.458984,2.457364,2.455769,,,,,,,,,,,,,,,,,,,,,,,,,,,,,,,,,,,,,,,,,,,,,,,,,,,,,,,,,,,,,,,,,,,,,,,,,,,,,,,,,,,,,,,,,,,,,,,,,,,,,,,,,
55,2.75,2.625,2.666667,2.625,2.6,2.583333,2.571429,2.59375,2.611111,2.625,2.636364,2.645833,2.634615,2.625,2.633333,2.640625,2.647059,2.652778,2.657895,2.6625,2.666667,2.670455,2.673913,2.677083,2.68,2.682692,2.685185,2.6875,2.689655,2.691667,2.693548,2.695313,2.689394,2.691176,2.692857,2.694444,2.695946,2.697368,2.698718,2.7,2.70122,2.702381,2.703488,2.704545,2.7,2.684783,2.670213,2.65625,2.647959,2.645,2.647059,2.649039,2.650943,2.652778,2.659091,2.665179,2.671053,2.672414,2.673729,2.679167,2.684426,2.689516,2.694444,2.691406,2.684615,2.67803,2.675373,2.676471,2.677536,2.671429,2.665493,2.659722,2.654109,2.648649,2.64,2.631579,2.625,2.620192,2.615506,2.610938,2.606482,2.602134,2.600904,2.596726,2.592647,2.588663,2.58477,2.580966,2.574438,2.570833,2.567308,2.561141,2.557796,2.554521,2.551316,2.545573,2.545103,2.544643,2.544192,2.53875,2.533416,2.528186,2.523058,2.518029,2.513095,2.508255,2.505841,2.503472,2.501147,2.498864,2.496622,2.492188,2.490044,2.487939,2.490217,2.492457,2.494658,2.492585,2.492647,2.492708,2.494835,2.494877,2.496951,2.501008,2.503,2.506944,2.510827,2.512695,2.508721,2.504808,2.502863,2.500947,2.49906,,,,,,,,,,,,,,,,,,,,,,,,,,,,,,,,,,,,,,,,,,,,,,,,,,,,,,,,,,,,,,,,,,,,,,,,,,,,,,,,,,,,,,,,,,,,,,,,,,,,,,
264,2.25,2.3125,2.375,2.46875,2.525,2.5625,2.589286,2.640625,2.680556,2.7125,2.738636,2.760417,2.778846,2.794643,2.808333,2.820313,2.830882,2.840278,2.848684,2.85625,2.863095,2.869318,2.875,2.880208,2.885,2.889423,2.893518,2.888393,2.892241,2.895833,2.899194,2.902344,2.905303,2.908088,2.910714,2.913194,2.91554,2.917763,2.919872,2.921875,2.92378,2.925595,2.921512,2.914773,2.9,2.880435,2.861702,2.848958,2.836735,2.825,2.813725,2.807692,2.79717,2.787037,2.777273,2.767857,2.758772,2.75,2.743644,2.739583,2.735656,2.731855,2.728175,2.724609,2.721154,2.717803,2.718284,2.71875,2.71558,2.7125,2.709507,2.710069,2.710616,2.711149,2.711667,2.712171,2.715909,2.719551,2.719937,2.720313,2.720679,2.714939,2.709337,2.703869,2.698529,2.693314,2.688218,2.683239,2.678371,2.670833,2.671703,2.669837,2.665323,2.660904,2.656579,2.652344,2.648196,2.646684,2.642677,2.64125,2.639852,2.636029,2.634709,2.63101,2.625,2.626179,2.627337,2.628472,2.625,2.621591,2.618243,2.614955,2.611726,2.608553,2.605435,2.602371,2.599359,2.596398,2.593488,2.590625,2.58781,2.585041,2.582317,2.579637,2.577,2.574405,2.57185,2.569336,2.56686,2.564423,2.562023,2.559659,2.557331,2.555037,,,,,,,,,,,,,,,,,,,,,,,,,,,,,,,,,,,,,,,,,,,,,,,,,,,,,,,,,,,,,,,,,,,,,,,,,,,,,,,,,,,,,,,,,,,,,,,,,,,,,
117,2,2.0625,2.208333,2.28125,2.325,2.354167,2.375,2.390625,2.402778,2.4125,2.420455,2.427083,2.432692,2.4375,2.441667,2.445313,2.448529,2.451389,2.453947,2.45625,2.458333,2.460227,2.461957,2.473958,2.475,2.475961,2.476852,2.477679,2.478448,2.479167,2.479839,2.480469,2.481061,2.481618,2.482143,2.482639,2.483108,2.483553,2.483974,2.484375,2.484756,2.485119,2.485465,2.485795,2.486111,2.486413,2.486702,2.486979,2.487245,2.4875,2.487745,2.487981,2.488208,2.488426,2.488636,2.488839,2.489035,2.489224,2.489407,2.489583,2.489754,2.489919,2.490079,2.490234,2.490385,2.49053,2.490672,2.490809,2.490942,2.491071,2.491197,2.491319,2.491438,2.491554,2.491667,2.488487,2.487013,2.48718,2.487342,2.4875,2.487654,2.487805,2.486446,2.483631,2.483824,2.484012,2.484195,2.478693,2.476124,2.476389,2.476648,2.475543,2.473118,2.468085,2.46579,2.466146,2.466495,2.464286,2.459596,2.46,2.460396,2.460784,2.456311,2.451923,2.447619,2.443396,2.443925,2.446759,2.442661,2.438636,2.434685,2.430804,2.426991,2.423246,2.419565,2.415948,2.412393,2.415254,2.418067,2.420833,2.421488,2.423156,2.425813,2.428427,2.431,2.433532,2.434055,2.433594,2.432171,2.430769,2.429389,2.42803,2.426692,2.425373,,,,,,,,,,,,,,,,,,,,,,,,,,,,,,,,,,,,,,,,,,,,,,,,,,,,,,,,,,,,,,,,,,,,,,,,,,,,,,,,,,,,,,,,,,,,,,,,,,,,,
47,2.25,2.375,2.5,2.5625,2.6,2.625,2.642857,2.65625,2.666667,2.65,2.636364,2.625,2.634615,2.642857,2.65,2.65625,2.661765,2.666667,2.671053,2.675,2.678571,2.681818,2.684783,2.6875,2.69,2.692308,2.694444,2.696429,2.698276,2.7,2.701613,2.703125,2.704545,2.705882,2.707143,2.708333,2.70946,2.710526,2.711539,2.7125,2.713415,2.714286,2.715116,2.715909,2.716667,2.717391,2.718085,2.71875,2.719388,2.715,2.710784,2.706731,2.700472,2.69213,2.684091,2.678571,2.675439,2.672414,2.669492,2.666667,2.663934,2.66129,2.65873,2.65625,2.653846,2.651515,2.649254,2.643382,2.634058,2.628572,2.625,2.626736,2.628425,2.630068,2.628333,2.620066,2.612013,2.604167,2.602848,2.601563,2.600309,2.596037,2.590361,2.583333,2.582353,2.581395,2.58046,2.573864,2.567416,2.561111,2.56044,2.558424,2.555108,2.549202,2.543421,2.53776,2.532217,2.526786,2.521465,2.51625,2.511139,2.508579,2.503641,2.498798,2.494048,2.489387,2.484813,2.480324,2.475917,2.471591,2.467342,2.46317,2.460177,2.458333,2.454348,2.450431,2.446581,2.442797,2.439076,2.435417,2.431818,2.428279,2.424797,2.421371,2.418,2.414683,2.411417,2.410156,2.406977,2.403846,2.40458,2.405303,2.409775,2.410448,2.407408,2.404412,2.40146,,,,,,,,,,,,,,,,,,,,,,,,,,,,,,,,,,,,,,,,,,,,,,,,,,,,,,,,,,,,,,,,,,,,,,,,,,,,,,,,,,,,,,,,,,,,,,,,,,
32,2.25,2.375,2.416667,2.4375,2.45,2.458333,2.464286,2.46875,2.472222,2.475,2.477273,2.479167,2.5,2.482143,2.466667,2.453125,2.441176,2.430556,2.421053,2.4125,2.404762,2.397727,2.391304,2.385417,2.38,2.375,2.37037,2.366071,2.362069,2.358333,2.354839,2.351563,2.348485,2.345588,2.342857,2.340278,2.351351,2.368421,2.384615,2.4,2.414634,2.428571,2.44186,2.454545,2.466667,2.478261,2.489362,2.494792,2.5,2.505,2.509804,2.514423,2.518868,2.523148,2.522727,2.520089,2.510965,2.510776,2.508475,2.504167,2.5,2.495968,2.492064,2.496094,2.5,2.496212,2.492537,2.488971,2.48913,2.489286,2.492958,2.496528,2.5,2.503378,2.506667,2.509868,2.512987,2.516026,2.512658,2.509375,2.506173,2.509146,2.509036,2.505952,2.502941,2.5,2.497126,2.491477,2.488764,2.488889,2.491758,2.497283,2.502688,2.505319,2.507895,2.507813,2.510309,2.507653,2.50505,2.5025,2.501238,2.501225,2.496359,2.490385,2.488095,2.48349,2.478972,2.479167,2.477064,2.477273,2.477478,2.477679,2.480088,2.484649,2.48913,2.493535,2.497863,2.497881,2.49895,2.498958,2.494835,2.494877,2.498984,2.503024,2.507,2.510913,2.514764,2.514648,2.512597,2.510577,2.508588,2.506629,2.504699,2.502799,2.500926,2.500919,2.500912,2.500906,2.500899,,,,,,,,,,,,,,,,,,,,,,,,,,,,,,,,,,,,,,,,,,,,,,,,,,,,,,,,,,,,,,,,,,,,,,,,,,,,,,,,,,,,,,,,,,,,,,,,
212,2.25,2.375,2.416667,2.4375,2.45,2.458333,2.5,2.5,2.5,2.5,2.5,2.5,2.5,2.5,2.5,2.5,2.5,2.5,2.5,2.5,2.5,2.5,2.5,2.5,2.5,2.5,2.5,2.5,2.5,2.508333,2.516129,2.523438,2.530303,2.536765,2.542857,2.548611,2.554054,2.559211,2.564103,2.56875,2.573171,2.577381,2.581395,2.582386,2.580555,2.57337,2.566489,2.559896,2.558673,2.5575,2.556373,2.555289,2.556604,2.555556,2.559091,2.566964,2.574561,2.581897,2.584746,2.583333,2.581967,2.582661,2.581349,2.583984,2.584615,2.583333,2.58209,2.580882,2.57971,2.585714,2.589789,2.588542,2.594178,2.599662,2.605,2.610197,2.61526,2.620192,2.625,2.629688,2.634259,2.63872,2.643072,2.647321,2.651471,2.652616,2.650862,2.649148,2.646067,2.647222,2.645604,2.64538,2.643817,2.642287,2.64079,2.639323,2.637887,2.63648,2.637626,2.63625,2.637376,2.63848,2.637136,2.634615,2.633333,2.632076,2.633178,2.634259,2.637615,2.640909,2.644144,2.647321,2.650442,2.653509,2.656522,2.659483,2.662393,2.665254,2.665966,2.664583,2.665289,2.667008,2.669715,2.670363,2.672,2.674603,2.677165,2.678711,2.679264,2.677885,2.677481,2.679924,2.676692,2.673507,2.668519,2.667279,2.666971,2.667572,2.666367,,,,,,,,,,,,,,,,,,,,,,,,,,,,,,,,,,,,,,,,,,,,,,,,,,,,,,,,,,,,,,,,,,,,,,,,,,,,,,,,,,,,,,,,,,,,,,,,
125,2.25,2.375,2.416667,2.4375,2.45,2.458333,2.464286,2.46875,2.444444,2.45,2.454545,2.458333,2.461539,2.464286,2.466667,2.46875,2.470588,2.472222,2.473684,2.475,2.476191,2.488636,2.5,2.5,2.5,2.5,2.5,2.491071,2.491379,2.483333,2.475806,2.46875,2.469697,2.463235,2.457143,2.451389,2.452703,2.453947,2.448718,2.44375,2.439024,2.434524,2.430233,2.426136,2.422222,2.418478,2.406915,2.398438,2.395408,2.3925,2.389706,2.387019,2.379717,2.377315,2.375,2.372768,2.366228,2.364224,2.366525,2.360417,2.354508,2.34879,2.351191,2.357422,2.363461,2.36553,2.363806,2.365809,2.36413,2.366071,2.366197,2.364583,2.366438,2.366554,2.368333,2.363487,2.36039,2.36218,2.367089,2.36875,2.37037,2.375,2.376506,2.380952,2.385294,2.389535,2.393678,2.392045,2.39045,2.391667,2.39011,2.388587,2.389785,2.393617,2.4,2.403646,2.407217,2.405612,2.401515,2.4,2.398515,2.394608,2.393204,2.388221,2.384524,2.378538,2.375,2.371528,2.365826,2.3625,2.359234,2.356027,2.350664,2.347588,2.344565,2.341595,2.338675,2.335805,2.335084,2.336458,2.333678,2.331967,2.331301,2.334677,2.338,2.34127,2.344488,2.345703,2.344961,2.344231,2.343511,2.342803,2.342105,2.341418,2.340741,2.340074,2.339416,2.338768,2.33813,2.3375,2.336879,,,,,,,,,,,,,,,,,,,,,,,,,,,,,,,,,,,,,,,,,,,,,,,,,,,,,,,,,,,,,,,,,,,,,,,,,,,,,,,,,,,,,,,,,,,,,,
261,2.25,2.25,2.25,2.25,2.25,2.25,2.25,2.25,2.25,2.25,2.25,2.25,2.25,2.25,2.25,2.25,2.25,2.25,2.25,2.25,2.25,2.25,2.25,2.25,2.25,2.25,2.25,2.25,2.25,2.25,2.25,2.25,2.25,2.25,2.257143,2.256944,2.256757,2.263158,2.269231,2.275,2.280488,2.285714,2.296512,2.301136,2.305556,2.309783,2.319149,2.317708,2.316327,2.315,2.313725,2.3125,2.311321,2.310185,2.309091,2.308036,2.307018,2.301724,2.300848,2.304167,2.303279,2.306452,2.309524,2.316406,2.319231,2.329545,2.339552,2.345588,2.351449,2.357143,2.359155,2.361111,2.363014,2.364865,2.366667,2.365132,2.363636,2.365385,2.367089,2.36875,2.37037,2.371951,2.376506,2.383929,2.391176,2.398256,2.402299,2.403409,2.404494,2.405555,2.403846,2.402174,2.400538,2.404255,2.406579,2.410156,2.41366,2.417092,2.42298,2.42375,2.42203,2.420343,2.423544,2.426683,2.427381,2.428066,2.429907,2.43287,2.43578,2.436364,2.439189,2.441964,2.44469,2.445175,2.445652,2.446121,2.446581,2.442797,2.443277,2.445833,2.448347,2.448771,2.443089,2.441532,2.44,2.438492,2.438976,2.438477,2.437016,2.435577,2.432252,2.430871,2.427632,2.426306,2.423148,2.421875,2.42062,2.419384,2.418165,2.416964,2.41578,,,,,,,,,,,,,,,,,,,,,,,,,,,,,,,,,,,,,,,,,,,,,,,,,,,,,,,,,,,,,,,,,,,,,,,,,,,,,,,,,,,,,,,,,,,,,,
178,2.75,2.5,2.416667,2.4375,2.45,2.458333,2.464286,2.4375,2.416667,2.425,2.431818,2.4375,2.442308,2.464286,2.483333,2.484375,2.470588,2.444444,2.434211,2.4375,2.440476,2.443182,2.445652,2.447917,2.45,2.451923,2.453704,2.455357,2.456897,2.458333,2.459677,2.460938,2.462121,2.463235,2.464286,2.472222,2.47973,2.486842,2.49359,2.49375,2.5,2.505952,2.511628,2.517045,2.516667,2.516304,2.515957,2.515625,2.510204,2.505,2.5,2.5,2.504717,2.509259,2.509091,2.508929,2.508772,2.508621,2.512712,2.516667,2.516393,2.514113,2.509921,2.509766,2.505769,2.501894,2.501866,2.5,2.496377,2.496428,2.494718,2.494792,2.494863,2.494932,2.495,2.495066,2.49513,2.495192,2.498418,2.503125,2.496914,2.493902,2.493976,2.497024,2.5,2.501453,2.501437,2.49858,2.497191,2.497222,2.497253,2.497283,2.5,2.5,2.5,2.5,2.5,2.5,2.5,2.5,2.5,2.5,2.5,2.5,2.5,2.5,2.5,2.5,2.5,2.5,2.5,2.497768,2.494469,2.490132,2.488044,2.487069,2.48718,2.487288,2.487395,2.485417,2.483471,2.481557,2.479675,2.477823,2.476,2.474206,2.472441,2.472656,2.47093,2.469231,2.467557,2.465909,2.462406,2.460821,2.459259,2.457721,2.456204,2.45471,2.453237,2.451786,2.450355,2.448944,,,,,,,,,,,,,,,,,,,,,,,,,,,,,,,,,,,,,,,,,,,,,,,,,,,,,,,,,,,,,,,,,,,,,,,,,,,,,,,,,,,,,,,,,,,,,
213,2.25,2.375,2.416667,2.4375,2.45,2.458333,2.464286,2.46875,2.472222,2.475,2.477273,2.479167,2.480769,2.482143,2.483333,2.484375,2.485294,2.486111,2.486842,2.4875,2.488095,2.488636,2.48913,2.489583,2.49,2.490385,2.490741,2.491071,2.491379,2.483333,2.483871,2.488281,2.503788,2.511029,2.517857,2.524306,2.530406,2.536184,2.541667,2.546875,2.551829,2.556548,2.555233,2.559659,2.558333,2.557065,2.555851,2.554688,2.553571,2.5525,2.551471,2.555289,2.558962,2.5625,2.547727,2.535714,2.530702,2.530172,2.529661,2.529167,2.528688,2.528226,2.527778,2.527344,2.526923,2.526515,2.518657,2.511029,2.503623,2.503572,2.507042,2.510417,2.503425,2.5,2.5,2.5,2.5,2.5,2.5,2.5,2.5,2.5,2.503012,2.502976,2.502941,2.502907,2.502874,2.5,2.498595,2.498611,2.498626,2.501359,2.504032,2.503989,2.503947,2.501302,2.498711,2.493623,2.491162,2.49125,2.491337,2.491421,2.491505,2.491586,2.491667,2.491745,2.491822,2.491898,2.491972,2.492045,2.492117,2.492188,2.490044,2.485746,2.483696,2.482759,2.482906,2.483051,2.481092,2.477083,2.47314,2.469262,2.465447,2.461694,2.458,2.454365,2.450787,2.447266,2.443799,2.440385,2.438931,2.4375,2.434211,2.43097,2.427778,2.428309,2.428832,2.431159,2.431655,2.429464,2.428191,2.426937,2.423951,,,,,,,,,,,,,,,,,,,,,,,,,,,,,,,,,,,,,,,,,,,,,,,,,,,,,,,,,,,,,,,,,,,,,,,,,,,,,,,,,,,,,,,,,,,,
276,2.25,2.25,2.333333,2.375,2.4,2.416667,2.428571,2.4375,2.444444,2.45,2.454545,2.458333,2.461539,2.482143,2.483333,2.484375,2.485294,2.486111,2.486842,2.4875,2.488095,2.488636,2.48913,2.5,2.51,2.509615,2.509259,2.508929,2.508621,2.516667,2.524194,2.523438,2.522727,2.522059,2.507143,2.486111,2.47973,2.467105,2.455128,2.44375,2.432927,2.416667,2.401163,2.386364,2.372222,2.358696,2.345745,2.333333,2.321429,2.305,2.289216,2.274039,2.259434,2.24537,2.231818,2.223214,2.232456,2.228448,2.224576,2.220833,2.217213,2.21371,2.210317,2.207031,2.2,2.193182,2.190299,2.193015,2.193841,2.191072,2.18838,2.182292,2.17637,2.177365,2.185,2.192434,2.198052,2.201923,2.199367,2.198437,2.199074,2.205793,2.215361,2.224702,2.233824,2.239825,2.24569,2.25142,2.254214,2.254167,2.254121,2.256793,2.259409,2.256649,2.256579,2.25651,2.261598,2.266582,2.271465,2.27625,2.280941,2.283088,2.285194,2.286058,2.288095,2.287736,2.288551,2.290509,2.292431,2.293182,2.297297,2.301339,2.30531,2.307018,2.308696,2.310345,2.307692,2.300848,2.301471,2.303125,2.306818,2.310451,2.314024,2.31754,2.321,2.324405,2.327756,2.331055,2.332364,2.329808,2.32729,2.324811,2.324248,2.322761,2.322222,2.321691,2.319343,2.317029,2.314748,2.3125,2.310284,2.308099,2.305944,2.305556,2.306896,2.307363,,,,,,,,,,,,,,,,,,,,,,,,,,,,,,,,,,,,,,,,,,,,,,,,,,,,,,,,,,,,,,,,,,,,,,,,,,,,,,,,,,,,,,,,,
5,2.25,2.25,2.333333,2.375,2.4,2.416667,2.428571,2.4375,2.444444,2.425,2.409091,2.395833,2.384615,2.375,2.366667,2.359375,2.352941,2.347222,2.342105,2.3375,2.333333,2.329545,2.326087,2.322917,2.32,2.317308,2.314815,2.3125,2.310345,2.308333,2.306452,2.304688,2.30303,2.301471,2.3,2.298611,2.297297,2.302632,2.307692,2.3125,2.317073,2.321429,2.325581,2.329545,2.333333,2.336957,2.340425,2.34375,2.346939,2.345,2.338235,2.331731,2.325472,2.314815,2.309091,2.305804,2.309211,2.30819,2.307203,2.30625,2.301229,2.300403,2.295635,2.294922,2.292308,2.287879,2.283582,2.279412,2.282609,2.278571,2.27993,2.279514,2.279109,2.275338,2.275,2.274671,2.274351,2.274039,2.27057,2.270313,2.270062,2.26372,2.260542,2.257441,2.254412,2.25436,2.25431,2.254261,2.254214,2.256944,2.259615,2.262228,2.267473,2.272606,2.277632,2.285156,2.289948,2.293367,2.295455,2.2975,2.30198,2.308824,2.313107,2.319711,2.32619,2.332547,2.337617,2.341435,2.34289,2.344318,2.345721,2.34933,2.353982,2.359649,2.363044,2.366379,2.371795,2.372881,2.37395,2.375,2.376033,2.378074,2.381098,2.386089,2.391,2.395833,2.398622,2.400391,2.401163,2.401923,2.401718,2.402462,2.406955,2.411381,2.415741,2.420037,2.422445,2.423007,2.423561,2.424107,2.422872,2.425176,2.428322,2.430556,2.434483,2.438356,2.442177,2.442568,,,,,,,,,,,,,,,,,,,,,,,,,,,,,,,,,,,,,,,,,,,,,,,,,,,,,,,,,,,,,,,,,,,,,,,,,,,,,,,,,,,,,,,
151,2.25,2.25,2.166667,2.1875,2.25,2.333333,2.392857,2.4375,2.472222,2.5,2.522727,2.541667,2.538461,2.553571,2.55,2.546875,2.558824,2.555556,2.565789,2.575,2.583333,2.590909,2.597826,2.59375,2.6,2.605769,2.611111,2.598214,2.594828,2.6,2.604839,2.609375,2.613636,2.617647,2.621428,2.625,2.628378,2.631579,2.634615,2.6375,2.640244,2.642857,2.645349,2.647727,2.65,2.652174,2.654255,2.65625,2.658163,2.66,2.661765,2.663461,2.665094,2.662037,2.654546,2.649554,2.638158,2.635776,2.631356,2.625,2.618852,2.612903,2.607143,2.601563,2.598077,2.600379,2.598881,2.59375,2.592391,2.591071,2.59331,2.598958,2.597603,2.596284,2.595,2.597039,2.600649,2.605769,2.610759,2.615625,2.62037,2.625,2.626506,2.625,2.623529,2.623547,2.625,2.62358,2.623595,2.625,2.629121,2.633152,2.637097,2.635638,2.634211,2.632813,2.634021,2.631377,2.627525,2.62375,2.620049,2.621324,2.620146,2.620192,2.619048,2.617924,2.616822,2.615741,2.614679,2.614773,2.615991,2.61942,2.622788,2.626096,2.625,2.623922,2.622863,2.626059,2.629202,2.632292,2.635331,2.635246,2.634146,2.633065,2.632,2.630952,2.63189,2.633789,2.636628,2.639423,2.642176,2.644886,2.645677,2.645522,2.644444,2.643382,2.644161,2.646739,2.649281,2.651786,2.654255,2.65669,2.657343,2.65625,2.655172,2.655822,2.658163,2.660473,2.662752,2.665,2.667218,2.668586,2.669118,,,,,,,,,,,,,,,,,,,,,,,,,,,,,,,,,,,,,,,,,,,,,,,,,,,,,,,,,,,,,,,,,,,,,,,,,,,,,,,,,,
313,2.25,2.25,2.25,2.25,2.25,2.25,2.25,2.25,2.277778,2.3,2.295455,2.291667,2.307692,2.321429,2.316667,2.3125,2.308824,2.305556,2.302632,2.3,2.309524,2.318182,2.315217,2.3125,2.31,2.317308,2.324074,2.321429,2.327586,2.333333,2.33871,2.34375,2.340909,2.345588,2.342857,2.340278,2.337838,2.335526,2.339744,2.34375,2.347561,2.351191,2.348837,2.346591,2.344445,2.353261,2.356383,2.359375,2.362245,2.365,2.367647,2.370192,2.372642,2.37963,2.386364,2.392857,2.399123,2.405172,2.411017,2.416667,2.422131,2.427419,2.43254,2.433594,2.434615,2.435606,2.436567,2.4375,2.438406,2.446429,2.454225,2.458333,2.458904,2.45777,2.458333,2.462171,2.467532,2.471154,2.477848,2.484375,2.487654,2.490854,2.493976,2.497024,2.5,2.502907,2.505747,2.505682,2.502809,2.502778,2.505495,2.506793,2.512097,2.511968,2.514474,2.519531,2.521907,2.524235,2.526515,2.53125,2.535891,2.540441,2.544903,2.546875,2.546429,2.54599,2.547897,2.552083,2.556193,2.560227,2.564189,2.56808,2.56969,2.569079,2.568478,2.568965,2.570513,2.574152,2.576681,2.578125,2.581612,2.585041,2.588415,2.587702,2.587,2.586309,2.589567,2.59082,2.590116,2.589423,2.590649,2.59375,2.596805,2.599813,2.602778,2.60386,2.603102,2.602355,2.601619,2.600893,2.600177,2.599472,2.600524,2.603299,2.606035,2.608733,2.611395,2.61402,2.614933,2.6125,2.608444,2.605263,2.602941,,,,,,,,,,,,,,,,,,,,,,,,,,,,,,,,,,,,,,,,,,,,,,,,,,,,,,,,,,,,,,,,,,,,,,,,,,,,,,,,,,
226,2.25,2.25,2.25,2.3125,2.4,2.458333,2.5,2.53125,2.555556,2.575,2.590909,2.604167,2.615385,2.625,2.633333,2.640625,2.647059,2.652778,2.657895,2.6625,2.666667,2.670455,2.673913,2.677083,2.68,2.682692,2.685185,2.6875,2.689655,2.691667,2.677419,2.664063,2.651515,2.647059,2.642857,2.638889,2.635135,2.631579,2.628205,2.625,2.621951,2.619048,2.616279,2.613636,2.611111,2.608696,2.606383,2.609375,2.612245,2.615,2.617647,2.615385,2.613208,2.615741,2.609091,2.609375,2.611842,2.614224,2.616525,2.61875,2.620902,2.622984,2.625,2.626953,2.628846,2.630682,2.628731,2.621324,2.612319,2.610714,2.605634,2.600694,2.595891,2.591216,2.586667,2.582237,2.581169,2.580128,2.579114,2.58125,2.583333,2.579268,2.572289,2.565476,2.558824,2.552325,2.551724,2.551136,2.549157,2.548611,2.548077,2.546196,2.548387,2.550532,2.555263,2.557292,2.559278,2.559949,2.561869,2.56375,2.565594,2.564951,2.56432,2.563702,2.560714,2.557783,2.554907,2.552083,2.549312,2.544318,2.541667,2.539063,2.536505,2.533991,2.531522,2.529095,2.526709,2.524364,2.522059,2.519792,2.517562,2.515369,2.515244,2.515121,2.515,2.514881,2.516732,2.519531,2.523256,2.526923,2.530534,2.534091,2.531955,2.529851,2.527778,2.529412,2.530109,2.529891,2.529676,2.529464,2.527482,2.525528,2.52535,2.52691,2.528448,2.529966,2.531463,2.53125,2.530201,2.528333,2.528146,2.527961,2.527778,,,,,,,,,,,,,,,,,,,,,,,,,,,,,,,,,,,,,,,,,,,,,,,,,,,,,,,,,,,,,,,,,,,,,,,,,,,,,,,,,,
189,2.25,2.375,2.416667,2.5,2.55,2.583333,2.607143,2.625,2.638889,2.65,2.659091,2.666667,2.673077,2.678571,2.683333,2.6875,2.691176,2.694444,2.697368,2.7,2.702381,2.704545,2.706522,2.708333,2.71,2.711539,2.712963,2.723214,2.698276,2.666667,2.669355,2.671875,2.666667,2.661765,2.664286,2.659722,2.655406,2.651316,2.647436,2.6375,2.628049,2.613095,2.610465,2.607955,2.611111,2.61413,2.617021,2.614583,2.612245,2.61,2.612745,2.615385,2.617924,2.62037,2.622727,2.625,2.618421,2.612069,2.605932,2.604167,2.598361,2.596774,2.59127,2.585938,2.584615,2.583333,2.58209,2.580882,2.572464,2.564286,2.56338,2.565972,2.568493,2.570946,2.573333,2.565789,2.560065,2.552885,2.549051,2.542187,2.532408,2.525915,2.524096,2.520833,2.517647,2.515988,2.512931,2.509943,2.507022,2.501389,2.495879,2.491848,2.489247,2.481383,2.473684,2.466146,2.463917,2.461735,2.459596,2.4575,2.454208,2.452206,2.45267,2.453125,2.45119,2.451651,2.454439,2.459491,2.46445,2.467046,2.46509,2.465402,2.464602,2.460526,2.46087,2.461207,2.461539,2.461864,2.466387,2.46875,2.471074,2.473361,2.473577,2.475806,2.478,2.480159,2.482283,2.482422,2.48062,2.480769,2.479008,2.477273,2.477444,2.478545,2.480556,2.482537,2.482664,2.480978,2.481115,2.482143,2.484043,2.485915,2.487762,2.491319,2.494828,2.498288,2.501701,2.503378,2.502517,2.500833,2.499172,2.500822,2.504085,2.502435,2.500807,2.499199,2.497612,2.496044,2.496069,2.494531,2.493012,,,,,,,,,,,,,,,,,,,,,,,,,,,,,,,,,,,,,,,,,,,,,,,,,,,,,,,,,,,,,,,,,,,,,,,,,,
256,2.25,2.3125,2.208333,2.21875,2.225,2.229167,2.232143,2.234375,2.263889,2.2875,2.306818,2.34375,2.375,2.401786,2.425,2.445313,2.463235,2.479167,2.493421,2.50625,2.517857,2.539773,2.548913,2.557292,2.565,2.581731,2.587963,2.59375,2.599138,2.604167,2.616935,2.621094,2.625,2.628676,2.632143,2.635417,2.638514,2.641447,2.644231,2.646875,2.64939,2.651786,2.65407,2.65625,2.658333,2.660326,2.656915,2.658854,2.660714,2.6525,2.639706,2.627404,2.625,2.627315,2.629545,2.636161,2.642544,2.648707,2.654661,2.660417,2.661885,2.663306,2.664683,2.666016,2.667308,2.668561,2.669776,2.670956,2.672101,2.673214,2.674296,2.675347,2.672945,2.66723,2.665,2.659539,2.657468,2.658654,2.65981,2.660938,2.662037,2.66311,2.667169,2.671131,2.675,2.675872,2.676724,2.677557,2.676966,2.675,2.67033,2.66712,2.668011,2.666223,2.663158,2.661458,2.662371,2.660714,2.656566,2.6525,2.648515,2.644608,2.643204,2.639423,2.638095,2.636792,2.633178,2.631944,2.62844,2.625,2.626126,2.627232,2.628319,2.627193,2.626087,2.625,2.623932,2.618644,2.616597,2.615625,2.616735,2.613729,2.60874,2.603831,2.601,2.602183,2.601378,2.599609,2.596899,2.598077,2.599237,2.600379,2.595865,2.591418,2.587037,2.584559,2.583029,2.582428,2.578237,2.574107,2.570035,2.566021,2.562063,2.55816,2.55431,2.553082,2.552721,2.550676,2.548658,2.546667,2.544702,2.541118,2.537582,2.534091,2.530645,2.527244,2.523885,2.522943,2.521226,2.517969,2.514751,2.511574,2.508435,2.505335,,,,,,,,,,,,,,,,,,,,,,,,,,,,,,,,,,,,,,,,,,,,,,,,,,,,,,,,,,,,,,,,,,,,,,,
210,2.75,2.875,2.916667,2.8125,2.775,2.770833,2.767857,2.796875,2.819444,2.8125,2.818182,2.8125,2.807692,2.803571,2.816667,2.828125,2.838235,2.847222,2.855263,2.8625,2.869048,2.875,2.880435,2.885417,2.89,2.894231,2.898148,2.901786,2.905172,2.908333,2.895161,2.882813,2.863636,2.867647,2.860714,2.850694,2.847973,2.842105,2.833333,2.83125,2.829268,2.827381,2.825581,2.829545,2.833333,2.836957,2.840425,2.84375,2.846939,2.85,2.852941,2.850961,2.849057,2.847222,2.845454,2.84375,2.842105,2.840517,2.84322,2.845833,2.844262,2.836694,2.827381,2.826172,2.825,2.827652,2.822761,2.819853,2.815217,2.810714,2.808099,2.807292,2.806507,2.802365,2.795,2.797697,2.797078,2.796474,2.799051,2.8,2.799383,2.795732,2.792169,2.791667,2.791177,2.790698,2.79023,2.789773,2.786517,2.783333,2.777472,2.774457,2.771505,2.765957,2.760526,2.757813,2.755155,2.751276,2.743687,2.73625,2.728961,2.721814,2.717233,2.716346,2.716667,2.716981,2.71729,2.717592,2.715596,2.713636,2.711712,2.712054,2.711283,2.70943,2.711957,2.71444,2.71688,2.71928,2.717437,2.715625,2.713843,2.714139,2.716463,2.71875,2.721,2.723214,2.725394,2.725586,2.723837,2.722115,2.72042,2.71875,2.720865,2.722948,2.725,2.727022,2.728102,2.728261,2.726619,2.725,2.723404,2.725352,2.725524,2.723958,2.724138,2.722603,2.721088,2.719594,2.717282,2.714167,2.711093,2.710526,2.710784,2.709416,2.708065,2.706731,2.705414,2.701741,2.698899,2.699219,2.701087,2.702932,2.700153,2.697408,2.694697,2.696536,,,,,,,,,,,,,,,,,,,,,,,,,,,,,,,,,,,,,,,,,,,,,,,,,,,,,,,,,,,,,,,,,,,,,
208,2.25,2.5,2.583333,2.625,2.65,2.666667,2.678571,2.71875,2.722222,2.725,2.727273,2.729167,2.730769,2.723214,2.741667,2.726563,2.720588,2.722222,2.723684,2.725,2.726191,2.727273,2.728261,2.729167,2.73,2.740385,2.75,2.75,2.75,2.758333,2.75,2.738281,2.708333,2.6875,2.675,2.670139,2.679054,2.674342,2.669872,2.665625,2.661585,2.651786,2.648256,2.644886,2.641667,2.644022,2.643617,2.635417,2.632653,2.6275,2.620098,2.612981,2.606132,2.604167,2.606818,2.611607,2.614035,2.612069,2.610169,2.608333,2.606557,2.606855,2.605159,2.603516,2.601923,2.600379,2.595149,2.590074,2.592391,2.591071,2.59331,2.598958,2.597603,2.592906,2.591667,2.597039,2.599026,2.597756,2.599684,2.6,2.598765,2.597561,2.597892,2.602679,2.607353,2.611919,2.616379,2.620739,2.625,2.629167,2.627747,2.629076,2.630376,2.628989,2.627632,2.626302,2.625,2.623724,2.622475,2.62125,2.622525,2.626225,2.625,2.625,2.62619,2.629717,2.633178,2.636574,2.635321,2.634091,2.632883,2.633929,2.634956,2.635965,2.63913,2.642241,2.645299,2.646186,2.646008,2.644792,2.643595,2.644467,2.647358,2.646169,2.646,2.646825,2.649606,2.650391,2.649225,2.648077,2.647901,2.648674,2.651316,2.652052,2.650926,2.653493,2.656022,2.658514,2.660971,2.663393,2.66578,2.668134,2.668706,2.667535,2.666379,2.666952,2.669218,2.669764,2.669463,2.668333,2.667218,2.666118,2.665033,2.667208,2.669355,2.671474,2.673567,2.674051,2.672956,2.671875,2.671584,2.672068,2.671012,2.66997,2.668939,2.667922,2.666916,2.665923,2.664941,2.665441,2.667398,2.669331,2.669798,2.668822,,,,,,,,,,,,,,,,,,,,,,,,,,,,,,,,,,,,,,,,,,,,,,,,,,,,,,,,,,,,,
260,2.25,2.4375,2.375,2.40625,2.375,2.354167,2.339286,2.359375,2.375,2.3875,2.443182,2.489583,2.528846,2.544643,2.558333,2.570313,2.580882,2.590278,2.598684,2.60625,2.613095,2.630682,2.646739,2.661458,2.675,2.6875,2.699074,2.709821,2.719828,2.7125,2.705645,2.707031,2.708333,2.702206,2.696429,2.697917,2.699324,2.700658,2.701923,2.703125,2.704268,2.705357,2.706395,2.707386,2.708333,2.709239,2.715425,2.716146,2.716837,2.7175,2.718137,2.71875,2.71934,2.719908,2.720454,2.725446,2.725877,2.726293,2.726695,2.727083,2.727459,2.731855,2.736111,2.740234,2.744231,2.748106,2.751866,2.748162,2.740942,2.741071,2.742958,2.746528,2.75,2.753378,2.756667,2.759868,2.762987,2.766026,2.768987,2.771875,2.774691,2.771342,2.766566,2.760417,2.754412,2.75436,2.757184,2.754261,2.752809,2.75,2.741758,2.740489,2.740591,2.740691,2.740789,2.740885,2.743557,2.746173,2.748737,2.74875,2.747525,2.745098,2.747573,2.747596,2.742857,2.740566,2.739486,2.739583,2.737385,2.735227,2.733108,2.731027,2.728982,2.726974,2.729348,2.731681,2.733974,2.736229,2.736345,2.734375,2.732438,2.732582,2.734756,2.732863,2.731,2.727183,2.723425,2.719727,2.716085,2.714423,2.71374,2.714015,2.716165,2.718284,2.718518,2.720588,2.722628,2.724638,2.723022,2.721429,2.719858,2.71831,2.716783,2.715278,2.717241,2.719178,2.721088,2.722973,2.723154,2.721667,2.720199,2.720395,2.722222,2.720779,2.720968,2.722756,2.724522,2.724684,2.72327,2.721875,2.720497,2.719136,2.717791,2.717988,2.719697,2.721385,2.722305,2.72247,2.721154,2.720588,2.72076,2.722384,2.723989,2.725575,2.725714,2.725852,2.725989,2.724719,2.723464,,,,,,,,,,,,,,,,,,,,,,,,,,,,,,,,,,,,,,,,,,,,,,,,,,,,,,,,
289,2.75,2.75,2.75,2.75,2.7,2.625,2.642857,2.625,2.611111,2.625,2.625,2.614583,2.605769,2.607143,2.616667,2.609375,2.617647,2.638889,2.631579,2.625,2.619048,2.625,2.630435,2.625,2.62,2.620192,2.625,2.638393,2.650862,2.6625,2.673387,2.683594,2.693182,2.702206,2.710714,2.71875,2.726351,2.733553,2.740385,2.746875,2.753049,2.758929,2.764535,2.769886,2.775,2.779891,2.779255,2.773438,2.778061,2.7825,2.786765,2.790865,2.794811,2.798611,2.802273,2.805804,2.809211,2.8125,2.815678,2.81875,2.821721,2.824597,2.827381,2.830078,2.828846,2.827652,2.826493,2.823529,2.818841,2.814286,2.81162,2.810764,2.806507,2.802365,2.798333,2.800987,2.803571,2.80609,2.808544,2.810937,2.813272,2.815549,2.814759,2.811012,2.813235,2.815407,2.817529,2.816761,2.814607,2.808333,2.802198,2.798913,2.801075,2.797872,2.792105,2.789063,2.786083,2.783163,2.780303,2.7775,2.774752,2.772059,2.774272,2.774039,2.771429,2.768868,2.766355,2.763889,2.761468,2.759091,2.756757,2.754464,2.752212,2.747807,2.743478,2.740302,2.738248,2.738348,2.738445,2.736458,2.734504,2.734631,2.736789,2.734879,2.733,2.731151,2.731299,2.732422,2.734496,2.736538,2.73855,2.74053,2.738722,2.73694,2.735185,2.735294,2.734489,2.730978,2.731115,2.733036,2.734929,2.736796,2.736888,2.735243,2.733621,2.732021,2.730442,2.732264,2.732383,2.730833,2.729305,2.728618,2.728758,2.73052,2.732258,2.733974,2.735669,2.735759,2.734277,2.732812,2.732143,2.732253,2.730828,2.729421,2.72803,2.726657,2.726048,2.726191,2.724852,2.724265,2.724415,2.726017,2.726156,2.724856,2.725,2.724432,2.723164,2.72191,2.72067,2.719445,2.718232,2.717033,2.715847,2.714674,,,,,,,,,,,,,,,,,,,,,,,,,,,,,,,,,,,,,,,,,,,,,,,,,,,
340,2.25,2.375,2.416667,2.4375,2.45,2.458333,2.464286,2.4375,2.416667,2.4,2.386364,2.375,2.365385,2.357143,2.35,2.34375,2.338235,2.333333,2.328947,2.325,2.321429,2.318182,2.315217,2.3125,2.31,2.307692,2.305556,2.303571,2.301724,2.3,2.298387,2.296875,2.295455,2.294118,2.292857,2.291667,2.29054,2.289474,2.288461,2.2875,2.286585,2.285714,2.290698,2.295455,2.3,2.304348,2.308511,2.3125,2.311224,2.315,2.318627,2.322115,2.325472,2.328704,2.331818,2.337054,2.344298,2.346983,2.349576,2.352083,2.358607,2.364919,2.367064,2.373047,2.378846,2.38447,2.393657,2.398897,2.400362,2.401786,2.399648,2.401042,2.402397,2.403716,2.408333,2.416118,2.423701,2.43109,2.438291,2.445313,2.452161,2.455793,2.454819,2.449405,2.444118,2.438953,2.439655,2.443182,2.44382,2.441667,2.43956,2.440217,2.44086,2.441489,2.439474,2.4375,2.438144,2.441327,2.444444,2.4475,2.44802,2.448529,2.451456,2.453125,2.458333,2.461085,2.463785,2.46412,2.462156,2.460227,2.453829,2.454241,2.45354,2.45614,2.456522,2.456897,2.461539,2.466102,2.467437,2.467708,2.470041,2.472336,2.474593,2.476815,2.479,2.481151,2.483268,2.483398,2.483527,2.483654,2.483779,2.483902,2.487782,2.487873,2.487963,2.486213,2.488139,2.491848,2.495504,2.499107,2.50266,2.506162,2.509615,2.513021,2.516379,2.519692,2.522959,2.526182,2.528523,2.53,2.529801,2.530428,2.531863,2.531656,2.532258,2.533654,2.533439,2.533228,2.533019,2.532813,2.533385,2.534722,2.534509,2.534299,2.534091,2.536898,2.539671,2.542411,2.54216,2.542647,2.54386,2.546512,2.547688,2.547414,2.547143,2.548295,2.550848,2.551966,2.553771,2.55625,2.558702,2.56044,2.561476,2.561141,2.561486,,,,,,,,,,,,,,,,,,,,,,,,,,,,,,,,,,,,,,,,,,,,,,,,,,
30,2.5,2.5,2.5,2.5625,2.6,2.625,2.642857,2.65625,2.666667,2.675,2.681818,2.6875,2.692308,2.696429,2.7,2.6875,2.683824,2.701389,2.717105,2.725,2.714286,2.715909,2.717391,2.708333,2.72,2.730769,2.740741,2.75,2.758621,2.766667,2.774194,2.78125,2.787879,2.794118,2.8,2.805556,2.810811,2.809211,2.814103,2.81875,2.823171,2.827381,2.825581,2.829545,2.833333,2.836957,2.840425,2.84375,2.846939,2.85,2.852941,2.855769,2.853774,2.842592,2.831818,2.819196,2.809211,2.803879,2.798729,2.797917,2.793033,2.784274,2.779762,2.775391,2.767308,2.75947,2.751866,2.748162,2.744565,2.733929,2.725352,2.71875,2.715753,2.716216,2.72,2.720395,2.720779,2.717949,2.712025,2.709375,2.703704,2.698171,2.695783,2.693452,2.694118,2.69186,2.692529,2.693182,2.69382,2.694444,2.695055,2.692935,2.688172,2.683511,2.680263,2.68099,2.684278,2.683673,2.681818,2.68,2.680693,2.681373,2.682039,2.680289,2.680952,2.683962,2.685748,2.684028,2.682339,2.681818,2.68018,2.678571,2.679204,2.682018,2.684783,2.6875,2.690171,2.686441,2.684874,2.683333,2.681818,2.682377,2.684959,2.6875,2.69,2.69246,2.694882,2.695313,2.693799,2.692308,2.69084,2.689394,2.68797,2.6875,2.687963,2.690257,2.690693,2.689312,2.68795,2.686607,2.685284,2.68574,2.687063,2.6875,2.687931,2.688356,2.690476,2.689189,2.687919,2.686667,2.685431,2.685033,2.685457,2.6875,2.689516,2.691506,2.693471,2.693829,2.69261,2.691406,2.690994,2.691358,2.693252,2.695122,2.69697,2.698795,2.699102,2.697917,2.696746,2.695588,2.694444,2.696221,2.697977,2.699713,2.701429,2.703125,2.704802,2.703652,2.702514,2.701389,2.700276,2.699863,2.700137,2.701766,2.703378,2.704973,,,,,,,,,,,,,,,,,,,,,,,,,,,,,,,,,,,,,,,,,,,,,,,,,
29,2.75,2.75,2.75,2.75,2.75,2.75,2.75,2.75,2.75,2.75,2.75,2.75,2.75,2.75,2.75,2.734375,2.735294,2.75,2.763158,2.775,2.785714,2.795455,2.804348,2.8125,2.82,2.826923,2.833333,2.839286,2.844828,2.85,2.854839,2.859375,2.863636,2.867647,2.871428,2.875,2.878378,2.875,2.865385,2.85625,2.847561,2.839286,2.837209,2.835227,2.833333,2.831522,2.829787,2.828125,2.826531,2.825,2.828431,2.817308,2.806604,2.791667,2.786364,2.78125,2.776316,2.771552,2.758475,2.75,2.745902,2.741935,2.738095,2.742188,2.742308,2.738636,2.735075,2.731618,2.728261,2.725,2.723592,2.723958,2.720891,2.719594,2.72,2.723684,2.725649,2.725961,2.723101,2.720313,2.717592,2.721037,2.722892,2.723214,2.72647,2.729651,2.732759,2.735795,2.733146,2.727778,2.725275,2.724185,2.721774,2.719415,2.717105,2.714844,2.717783,2.718112,2.715909,2.71875,2.721535,2.721814,2.71966,2.717548,2.715476,2.713443,2.711449,2.709491,2.712156,2.714773,2.717342,2.719866,2.720133,2.718202,2.716304,2.712285,2.708333,2.710805,2.713235,2.715625,2.717975,2.719262,2.719512,2.721774,2.724,2.726191,2.728346,2.730469,2.732558,2.734615,2.736641,2.738636,2.736842,2.735075,2.733333,2.731618,2.729927,2.728261,2.726619,2.725893,2.726064,2.727993,2.729895,2.731771,2.733621,2.735445,2.737245,2.735642,2.73406,2.7325,2.73096,2.730263,2.730392,2.73052,2.731452,2.733173,2.734873,2.734968,2.73349,2.732031,2.731366,2.731482,2.730061,2.728658,2.727273,2.725904,2.725299,2.725446,2.724113,2.723529,2.723684,2.725291,2.725434,2.724138,2.722857,2.722301,2.722458,2.721208,2.719972,2.71875,2.717541,2.716346,2.715164,2.713995,2.712838,2.711694,2.710562,2.709441,2.708333,2.707237,,,,,,,,,,,,,,,,,,,,,,,,,,,,,,,,,,,,,,,,,,,,,
144,2.75,2.75,2.666667,2.5625,2.525,2.520833,2.589286,2.578125,2.569444,2.5875,2.602273,2.59375,2.586539,2.598214,2.591667,2.585938,2.566176,2.5625,2.559211,2.55625,2.553571,2.551136,2.548913,2.546875,2.545,2.543269,2.541667,2.53125,2.530172,2.529167,2.528226,2.527344,2.526515,2.525735,2.525,2.524306,2.523649,2.523026,2.522436,2.521875,2.521342,2.520833,2.520349,2.519886,2.519444,2.519022,2.518617,2.513021,2.512755,2.5175,2.522059,2.526442,2.53066,2.534722,2.538636,2.542411,2.550439,2.55819,2.561441,2.564583,2.567623,2.570565,2.573413,2.572266,2.576923,2.575758,2.578358,2.577206,2.572464,2.575,2.573944,2.569444,2.575342,2.577703,2.576667,2.572368,2.568182,2.564103,2.566456,2.565625,2.558642,2.557927,2.555723,2.549107,2.545588,2.539244,2.533046,2.526989,2.521067,2.518055,2.512363,2.506793,2.501344,2.496011,2.496053,2.49349,2.488402,2.487245,2.487374,2.49,2.492574,2.495098,2.492718,2.490385,2.488095,2.490566,2.492991,2.49537,2.495413,2.494318,2.492117,2.489955,2.487832,2.485746,2.483696,2.481681,2.479701,2.477754,2.47584,2.473958,2.472107,2.470287,2.468496,2.46875,2.47,2.472222,2.474409,2.475586,2.477713,2.477885,2.478053,2.47822,2.482143,2.486007,2.486111,2.486213,2.486314,2.484601,2.484712,2.484821,2.486702,2.488556,2.489511,2.491319,2.493104,2.494863,2.496599,2.494932,2.493289,2.493333,2.493377,2.495066,2.498366,2.501623,2.504839,2.508013,2.511147,2.512658,2.512579,2.5125,2.513975,2.516975,2.519939,2.522866,2.525758,2.528615,2.530689,2.531994,2.531805,2.531618,2.531433,2.532703,2.53396,2.535201,2.536429,2.537642,2.540254,2.540028,2.538408,2.538194,2.537983,2.538461,2.538251,2.536685,2.535135,2.534946,2.537433,2.538564,2.53836,2.538158,2.537958,,,,,,,,,,,,,,,,,,,,,,,,,,,,,,,,,,,,,,,,,,,,
150,2.75,2.625,2.5,2.4375,2.4,2.416667,2.5,2.53125,2.555556,2.6,2.636364,2.666667,2.634615,2.625,2.65,2.640625,2.632353,2.638889,2.618421,2.5875,2.547619,2.545455,2.543478,2.552083,2.56,2.567308,2.574074,2.5625,2.551724,2.55,2.540323,2.523438,2.507576,2.5,2.492857,2.486111,2.493243,2.5,2.5,2.5,2.5,2.5,2.5,2.488636,2.472222,2.467391,2.462766,2.463542,2.464286,2.465,2.465686,2.471154,2.478774,2.483796,2.488636,2.497768,2.506579,2.510776,2.514831,2.522917,2.522541,2.528226,2.531746,2.539063,2.542308,2.545455,2.548507,2.551471,2.554348,2.557143,2.56162,2.564236,2.566781,2.565878,2.565,2.567434,2.569805,2.56891,2.568038,2.567188,2.569444,2.571646,2.573795,2.575893,2.577941,2.579942,2.581897,2.583807,2.582865,2.579167,2.575549,2.574728,2.579301,2.578457,2.575,2.56901,2.570876,2.572704,2.574495,2.57625,2.57797,2.577206,2.578883,2.576923,2.57381,2.573113,2.574766,2.578704,2.580275,2.580682,2.579955,2.581473,2.581858,2.58114,2.584783,2.588362,2.59188,2.59322,2.593488,2.592708,2.591942,2.593238,2.596545,2.599798,2.603,2.606151,2.609252,2.610352,2.609496,2.608654,2.609733,2.612689,2.611842,2.611007,2.610185,2.613051,2.615876,2.618659,2.621403,2.624107,2.626773,2.629401,2.630245,2.62934,2.630172,2.630137,2.629252,2.628378,2.625839,2.625,2.624172,2.624178,2.625,2.627435,2.629839,2.632211,2.634554,2.635285,2.634434,2.633594,2.634317,2.636574,2.635736,2.634908,2.634091,2.633283,2.633982,2.636161,2.635355,2.634559,2.633772,2.635901,2.636561,2.635776,2.635,2.635653,2.637712,2.636938,2.636173,2.635417,2.634669,2.633929,2.633197,2.632473,2.631757,2.631048,2.633021,2.633644,2.632936,2.632237,2.631545,,,,,,,,,,,,,,,,,,,,,,,,,,,,,,,,,,,,,,,,,,,,
128,2.25,2.375,2.416667,2.4375,2.45,2.458333,2.464286,2.484375,2.486111,2.5125,2.511364,2.510417,2.509615,2.526786,2.541667,2.554688,2.566176,2.576389,2.585526,2.59375,2.601191,2.619318,2.625,2.630208,2.635,2.639423,2.643518,2.647321,2.650862,2.654167,2.657258,2.660156,2.662879,2.665441,2.667857,2.670139,2.672297,2.674342,2.676282,2.678125,2.679878,2.681548,2.677325,2.670455,2.666667,2.663043,2.659575,2.65625,2.653061,2.65,2.642157,2.639423,2.636792,2.634259,2.631818,2.633929,2.640351,2.637931,2.635593,2.633333,2.631148,2.633065,2.638889,2.644531,2.646154,2.643939,2.641791,2.639706,2.634058,2.632143,2.633803,2.631944,2.630137,2.630068,2.635,2.633224,2.63474,2.639423,2.643987,2.645313,2.643518,2.644817,2.644578,2.642857,2.638235,2.636628,2.637931,2.639205,2.639045,2.6375,2.635989,2.637228,2.641129,2.639628,2.638158,2.636719,2.637887,2.639031,2.640152,2.63875,2.637376,2.636029,2.639563,2.643029,2.646429,2.649764,2.653037,2.65625,2.659404,2.6625,2.66554,2.668527,2.669248,2.667763,2.670652,2.673491,2.676282,2.674788,2.673319,2.671875,2.670455,2.669057,2.667683,2.666331,2.665,2.663691,2.662402,2.661133,2.659884,2.658654,2.657443,2.65625,2.655075,2.653918,2.652778,2.655331,2.656022,2.654891,2.653777,2.652678,2.651596,2.650528,2.651224,2.653646,2.656034,2.658391,2.660714,2.659628,2.658557,2.6575,2.656457,2.655428,2.654412,2.655032,2.654839,2.653846,2.652866,2.651899,2.654088,2.653125,2.653727,2.655864,2.654908,2.653963,2.65303,2.652108,2.651946,2.65253,2.651627,2.650735,2.649854,2.648983,2.648121,2.64727,2.646429,2.645597,2.644774,2.643961,2.643157,2.642361,2.641575,2.640797,2.640027,2.639266,2.638514,2.637769,2.637032,2.636303,2.635582,2.634868,2.634162,2.633464,2.632772,,,,,,,,,,,,,,,,,,,,,,,,,,,,,,,,,,,,,,,,,,
131,2.75,2.875,2.916667,2.8125,2.775,2.770833,2.803571,2.828125,2.819444,2.8375,2.852273,2.864583,2.855769,2.839286,2.85,2.828125,2.823529,2.819444,2.789474,2.7625,2.738095,2.75,2.76087,2.75,2.74,2.721154,2.703704,2.6875,2.672414,2.658333,2.645161,2.640625,2.636364,2.625,2.614286,2.604167,2.594594,2.585526,2.576923,2.56875,2.560976,2.553571,2.552325,2.556818,2.566667,2.570652,2.574468,2.567708,2.566327,2.57,2.573529,2.576923,2.575472,2.578704,2.572727,2.569196,2.563596,2.549569,2.540254,2.527083,2.522541,2.520161,2.515873,2.503906,2.503846,2.507576,2.503731,2.505515,2.509058,2.516071,2.522887,2.526042,2.529109,2.532094,2.535,2.534539,2.535714,2.535256,2.541139,2.54375,2.54321,2.542683,2.537651,2.534226,2.539706,2.545058,2.550287,2.555398,2.554775,2.554167,2.553571,2.552989,2.549731,2.546543,2.546053,2.545573,2.54768,2.549745,2.551768,2.55375,2.558168,2.5625,2.554612,2.554086,2.553571,2.553066,2.55257,2.552083,2.556193,2.560227,2.564189,2.56808,2.56969,2.569079,2.568478,2.567888,2.565171,2.568856,2.572479,2.576042,2.579545,2.581967,2.583333,2.582661,2.583,2.584325,2.58563,2.585938,2.585271,2.584615,2.583969,2.583333,2.586466,2.589552,2.592592,2.595588,2.596715,2.596014,2.595324,2.595536,2.596631,2.599472,2.600524,2.599826,2.599138,2.599315,2.60034,2.60304,2.605705,2.608333,2.610927,2.611842,2.611111,2.61039,2.609677,2.608974,2.611465,2.612342,2.611635,2.610938,2.611025,2.611883,2.611196,2.610518,2.609848,2.612199,2.613772,2.614583,2.613905,2.613235,2.612573,2.614825,2.615607,2.614943,2.614286,2.615057,2.617232,2.616573,2.615922,2.615278,2.616022,2.617445,2.619535,2.621603,2.623649,2.625672,2.626337,2.62633,2.625661,2.625,2.624346,2.623698,2.623057,2.622423,2.621795,2.621173,2.620558,2.61995,,,,,,,,,,,,,,,,,,,,,,,,,,,,,,,,,,,,,
302,2.25,2.3125,2.291667,2.34375,2.375,2.395833,2.410714,2.421875,2.430556,2.4125,2.397727,2.385417,2.394231,2.401786,2.391667,2.398438,2.404412,2.409722,2.414474,2.41875,2.422619,2.426136,2.418478,2.411458,2.405,2.408654,2.412037,2.415179,2.418103,2.420833,2.415323,2.410156,2.412879,2.415441,2.417857,2.420139,2.422297,2.424342,2.426282,2.428125,2.429878,2.431548,2.43314,2.434659,2.436111,2.4375,2.43883,2.445313,2.451531,2.4575,2.463235,2.46875,2.474057,2.479167,2.484091,2.488839,2.493421,2.497845,2.502119,2.50625,2.510246,2.514113,2.517857,2.517578,2.525,2.532197,2.539179,2.545956,2.552536,2.558928,2.565141,2.571181,2.577055,2.579392,2.578333,2.570724,2.564935,2.564103,2.566456,2.56875,2.570988,2.573171,2.575301,2.577381,2.582353,2.587209,2.591954,2.590909,2.587079,2.583333,2.57967,2.577446,2.576613,2.575798,2.575,2.574219,2.570876,2.570153,2.574495,2.57375,2.575495,2.579657,2.583738,2.58774,2.591667,2.595519,2.599299,2.603009,2.602064,2.601136,2.600225,2.59933,2.598451,2.597588,2.601087,2.604526,2.607906,2.611229,2.612395,2.611458,2.612603,2.612705,2.611789,2.614919,2.618,2.621032,2.624016,2.626953,2.629845,2.632692,2.635496,2.638258,2.637218,2.632463,2.62963,2.628676,2.629562,2.632246,2.631295,2.630357,2.629433,2.630282,2.628496,2.627604,2.630172,2.632705,2.635204,2.637669,2.638423,2.6375,2.636589,2.635691,2.634804,2.633929,2.633065,2.632211,2.634554,2.635285,2.634434,2.633594,2.632764,2.631944,2.631135,2.630335,2.629545,2.628765,2.629491,2.631696,2.630917,2.630147,2.629386,2.631541,2.632226,2.631465,2.632143,2.633523,2.635593,2.634831,2.634777,2.635417,2.63605,2.637363,2.639344,2.639946,2.640541,2.641129,2.643048,2.644282,2.644841,2.644079,2.643325,2.642578,2.641839,2.641108,2.640385,2.639668,2.638959,2.638258,2.637563,2.636875,2.636194,2.63552,2.634852,2.634191,,,,,,,,,,,,,,,,,,,,,,,,,,,,,,,
201,2.25,2.1875,2.125,2.15625,2.175,2.1875,2.196429,2.203125,2.208333,2.2125,2.215909,2.21875,2.221154,2.223214,2.225,2.226563,2.227941,2.229167,2.230263,2.23125,2.232143,2.232955,2.233696,2.234375,2.235,2.235577,2.236111,2.236607,2.237069,2.254167,2.270161,2.292969,2.314394,2.334559,2.353571,2.371528,2.388514,2.404605,2.419872,2.434375,2.448171,2.461309,2.468023,2.471591,2.472222,2.472826,2.470745,2.471354,2.471939,2.4725,2.473039,2.46875,2.464623,2.460648,2.461364,2.464286,2.464912,2.465517,2.466102,2.4625,2.471312,2.475806,2.476191,2.476563,2.476923,2.477273,2.466418,2.455882,2.449275,2.442857,2.440141,2.444444,2.44863,2.452703,2.456667,2.460526,2.462662,2.463141,2.463608,2.464062,2.464506,2.464939,2.465361,2.465774,2.466177,2.46657,2.469828,2.473011,2.476124,2.476389,2.476648,2.476902,2.479839,2.485372,2.490789,2.496094,2.501289,2.503827,2.503788,2.50375,2.503713,2.503676,2.506068,2.509615,2.514286,2.51651,2.517523,2.519676,2.517202,2.514773,2.512387,2.512277,2.513274,2.513158,2.513043,2.512931,2.51282,2.516949,2.521008,2.525,2.528926,2.531762,2.533537,2.533266,2.533,2.532738,2.53248,2.530273,2.530039,2.529808,2.52958,2.53125,2.534775,2.538246,2.541667,2.545037,2.547445,2.548913,2.548561,2.548214,2.547872,2.547535,2.548951,2.552083,2.555172,2.558219,2.561224,2.5625,2.562081,2.561667,2.561258,2.5625,2.56536,2.568182,2.570968,2.573718,2.576433,2.577532,2.577044,2.576562,2.576863,2.577932,2.578988,2.580793,2.583333,2.585843,2.587575,2.588542,2.588018,2.5875,2.586988,2.58939,2.590318,2.589799,2.589286,2.588778,2.588277,2.587781,2.587989,2.588889,2.59116,2.593407,2.595628,2.595109,2.594594,2.594086,2.596257,2.597075,2.596561,2.596053,2.59555,2.595052,2.59456,2.594072,2.59359,2.593112,2.59264,2.592172,2.591709,2.59125,2.590796,2.590347,2.589901,2.589461,2.589024,2.588592,2.588164,2.58774,2.587321,2.586905,2.586493,2.586085,2.585681,2.58528,2.584884,2.584491,2.584101,2.583716,2.583333,2.582955,2.582579,,,,,,,,,,,,,,
338,2.25,2.0625,2.041667,2.09375,2.125,2.145833,2.160714,2.171875,2.180556,2.1875,2.193182,2.197917,2.201923,2.205357,2.208333,2.210938,2.213235,2.215278,2.217105,2.21875,2.220238,2.221591,2.222826,2.223958,2.225,2.225961,2.226852,2.227679,2.228448,2.229167,2.229839,2.230469,2.231061,2.231618,2.232143,2.232639,2.233108,2.233553,2.233974,2.234375,2.234756,2.235119,2.235465,2.235795,2.236111,2.236413,2.236702,2.236979,2.237245,2.235,2.240196,2.245192,2.25,2.25463,2.259091,2.265625,2.274123,2.269397,2.266949,2.2625,2.262295,2.262097,2.261905,2.261719,2.265385,2.268939,2.272388,2.277574,2.28442,2.294643,2.304577,2.314236,2.32363,2.33277,2.341667,2.350329,2.35552,2.357372,2.359177,2.3625,2.367284,2.375,2.38253,2.389881,2.397059,2.40407,2.410919,2.414773,2.414326,2.409722,2.413461,2.414402,2.415323,2.413564,2.415789,2.419271,2.420103,2.423469,2.429293,2.4275,2.425743,2.426471,2.432039,2.432692,2.428571,2.426887,2.42757,2.428241,2.428899,2.429545,2.43018,2.430804,2.431416,2.432018,2.434783,2.436422,2.436966,2.439619,2.440126,2.438542,2.441116,2.443648,2.446138,2.448589,2.45,2.450397,2.450787,2.452148,2.454457,2.454808,2.455153,2.455492,2.455827,2.456157,2.456481,2.460478,2.464416,2.468297,2.468525,2.46875,2.468972,2.472711,2.47465,2.474826,2.478448,2.482021,2.485544,2.48902,2.490772,2.490833,2.490894,2.491776,2.493464,2.496753,2.5,2.503205,2.506369,2.507911,2.507862,2.509375,2.51087,2.512346,2.51227,2.512195,2.512121,2.512048,2.511976,2.511905,2.511834,2.510294,2.50731,2.507267,2.508671,2.508621,2.508571,2.508523,2.508475,2.508427,2.50838,2.508333,2.508287,2.508242,2.506831,2.505435,2.502703,2.501344,2.5,2.499335,2.499339,2.499342,2.5,2.501302,2.501295,2.501289,2.501282,2.502551,2.503807,2.50505,2.505025,2.505,2.504975,2.506188,2.506773,2.50674,2.506707,2.506675,2.506643,2.506611,2.506579,2.506548,2.506517,2.506486,2.506455,2.506425,2.506395,2.506366,2.506336,2.506307,2.506279,2.50625,2.506222,2.506194,2.506166,2.506138,2.506111,2.506084,2.506057,2.506031,2.506004,2.505978,2.505952,2.505927,2.505901,2.505876,2.505851
